145.09
-1591.7
-1639
847
2856
1425.6
-931.87
-1895.9
-427.72
1202.8
161.57
-1596.5
-1635.6
837.84
2847.4
1461.3
-945.61
-1900.8
-420.4
1173.5
168.59
-1570.3
-1642.3
811.9
2842.2
1459.5
-924.24
-1900.2
-439.01
1196.4
185.68
-1572.7
-1638.7
810.38
2844.4
1475.7
-918.14
-1902
-445.12
1170.5
184.16
-1566.3
-1661.5
796.95
2847.4
1486
-913.87
-1913.6
-472.89
1194.6
196.67
-1565.1
-1652.7
777.11
2840.7
1503.4
-897.69
-1914.2
-466.48
1172.6
190.87
-1536.4
-1683.5
760.63
2844.4
1501.9
-879.08
-1902.3
-485.4
1201.6
208.26
-1552.9
-1673.4
755.44
2839.2
1523.6
-885.18
-1912.1
-488.76
1157.1
211.93
-1525.4
-1692.7
719.74
2839.8
1522.7
-881.82
-1908.4
-501.27
1146.7
222
-1524.5
-1691.8
703.87
2841.3
1528.5
-848.56
-1910
-525.07
1194
239.09
-1540.1
-1692.7
718.52
2835.2
1556.8
-847.03
-1913.6
-530.57
1192.2
255.57
-1527.3
-1703.1
677.32
2836.7
1553.2
-842.15
-1909.7
-525.38
1149.4
257.09
-1530.9
-1704
660.53
2838.3
1556.8
-824.15
-1902.6
-552.84
1188.8
265.64
-1523.9
-1708.5
668.47
2833.1
1585.8
-813.16
-1912.4
-568.71
1173.8
270.83
-1511.4
-1700
638.87
2824.5
1602
-824.45
-1918.2
-562
1134.2
276.62
-1498
-1723.5
634.9
2831.9
1597.4
-782.03
-1913.9
-587.94
1163.5
287.92
-1475.1
-1732.7
606.82
2822.7
1608.7
-788.13
-1904.5
-595.57
1178.1
301.95
-1497.4
-1729.9
604.38
2816.3
1635.6
-791.49
-1910.6
-590.69
1146.4
330.94
-1480.9
-1725
587.6
2823
1642.9
-775.32
-1923.7
-612.35
1142.7
316.3
-1469.3
-1731.7
567.46
2812.9
1645.9
-788.13
-1914.8
-611.13
1124.4
321.48
-1465.3
-1751.6
558
2816
1660
-747.85
-1914.8
-634.63
1163.8
330.33
-1476.3
-1747.3
543.96
2810.5
1669.4
-730.46
-1910.9
-630.66
1152.2
352.31
-1476
-1742.1
524.73
2807.1
1680.4
-730.76
-1904.8
-651.72
1146.4
366.65
-1471.1
-1741.2
507.34
2798.9
1703
-731.07
-1921.3
-666.37
1152.5
365.43
-1454.9
-1761.6
492.08
2806.8
1692
-728.02
-1915.1
-654.47
1110.1
368.79
-1459.8
-1752.8
485.06
2794.9
1718.6
-693.23
-1914.5
-684.99
1139.4
383.74
-1421.4
-1767.4
458.81
2787.9
1725
-696.28
-1910.3
-675.83
1104.6
379.16
-1430.5
-1763.8
441.42
2791
1725.9
-695.67
-1906.9
-702.99
1129.6
410.29
-1429
-1768.7
439.28
2782.4
1749.7
-690.78
-1915.1
-694.14
1095.1
390.76
-1407.9
-1782.4
414.26
2791
1748.2
-658.74
-1906.6
-721
1093.6
421.58
-1399.7
-1791.6
392.29
2783.3
1758.9
-646.84
-1901.1
-737.78
1123.2
419.45
-1398.8
-1772.3
399
2773
1786.3
-660.27
-1920.3
-730.15
1092.7
416.09
-1382
-1791.6
383.74
2769.9
1793.3
-654.16
-1916.4
-735.34
1087.8
429.82
-1369.8
-1798.6
367.57
2759.2
1813.8
-615.1
-1906
-778.37
1111
453.93
-1374.1
-1811.4
341.63
2769
1800.7
-614.79
-1899.6
-767.99
1103.7
458.51
-1381.7
-1792.5
348.95
2761.7
1815.9
-617.24
-1906.9
-791.19
1106.4
452.1
-1367.7
-1800.7
326.98
2750.1
1844.9
-596.18
-1913
-799.73
1099.4
469.8
-1351.2
-1806.5
303.17
2746.1
1849.5
-607.17
-1910.3
-787.83
1058.5
473.16
-1353.3
-1819.3
284.25
2751.9
1841.9
-573.6
-1903.6
-818.96
1096.3
493.6
-1361.9
-1813.2
288.83
2743.7
1864.8
-578.17
-1907.2
-820.48
1076.5
488.11
-1331.3
-1814.7
261.06
2737.3
1868.7
-568.41
-1904.8
-820.79
1046
487.81
-1317.6
-1821.2
246.11
2729.6
1876.7
-565.97
-1898.4
-831.77
1043.5
499.4
-1318.8
-1828.5
232.07
2723.5
1907.5
-541.86
-1895.9
-857.41
1083.2
513.44
-1337.8
-1835.8
214.37
2725.7
1908.7
-532.4
-1915.5
-849.78
1041.1
518.32
-1301.4
-1837.3
202.47
2722.6
1898.6
-525.07
-1891
-866.26
1047.5
540.3
-1318.5
-1843.1
194.53
2722.9
1918.8
-497.91
-1896.2
-894.03
1062.1
544.87
-1310.6
-1833.4
186.6
2708.3
1940.1
-492.72
-1893.2
-901.66
1055.7
551.28
-1309.7
-1834.3
168.59
2700.3
1941.4
-506.76
-1894.7
-884.27
1037.1
569.9
-1307.2
-1848.3
156.99
2701.6
1957.8
-493.34
-1897.4
-912.04
1042
577.83
-1295.6
-1836.4
138.99
2688.1
1963.3
-473.19
-1892
-895.86
1009.4
564.1
-1264.5
-1848.9
116.71
2681.1
1971
-470.14
-1887.1
-914.78
1006
583.63
-1263.6
-1855
117.32
2684.8
1994.5
-448.17
-1897.1
-924.55
996.53
581.49
-1263.9
-1860.8
89.856
2680.5
2001.5
-438.1
-1894.4
-949.27
1031.6
608.96
-1254.7
-1851.4
83.447
2673.2
2003.6
-437.18
-1888.3
-951.4
994.7
608.35
-1240.1
-1858.7
54.15
2655.2
2025.9
-420.4
-1885.5
-970.63
1019.4
619.34
-1252.9
-1862
62.39
2661.3
2032.6
-395.07
-1881
-983.45
1010.9
628.19
-1220.9
-1865.4
34.314
2664.9
2018.9
-387.13
-1868.2
-970.02
977.92
620.25
-1234.3
-1870.3
34.314
2649.1
2051.8
-383.47
-1885.9
-985.28
978.22
628.19
-1201.3
-1875.5
3.186
2639.6
2053.4
-382.86
-1873.3
-1013.7
991.35
658.09
-1222.1
-1878.8
0.74463
2641.7
2065.6
-341.66
-1867.5
-1020.1
989.21
648.94
-1216.6
-1875.2
-18.481
2639
2065.6
-341.36
-1860.8
-1036.9
986.16
669.69
-1205.6
-1871.5
-18.176
2625
2093.3
-340.75
-1877.9
-1027.7
946.18
654.43
-1172.4
-1877.9
-40.149
2608.5
2101.9
-328.85
-1875.2
-1032.9
950.76
656.87
-1172
-1881.9
-56.018
2601.8
2108.3
-329.46
-1875.8
-1025.3
938.86
669.69
-1159.2
-1887.4
-82.568
2609.7
2100.7
-299.85
-1852.9
-1055.8
947.4
703.26
-1180.6
-1885.9
-92.334
2608.8
2108.3
-309.92
-1858.1
-1052.1
915.36
691.66
-1170.8
-1886.2
-88.672
2581.6
2140.9
-298.33
-1865.1
-1060.4
910.47
688.61
-1142.1
-1895.3
-124.99
2592
2131.2
-269.64
-1849.8
-1080.2
936.41
722.79
-1158.3
-1891.3
-114.92
2579.2
2147.7
-252.25
-1841.6
-1093.3
921.46
720.65
-1135.4
-1887.1
-140.55
2561.2
2163.5
-267.2
-1855.9
-1085.1
903.15
711.5
-1122.9
-1899
-154.59
2567.3
2166.3
-238.82
-1845.6
-1118.3
912.92
738.96
-1118.6
-1890.4
-156.12
2547.1
2187
-249.5
-1852.6
-1124.4
921.46
734.69
-1099.4
-1891.7
-189.99
2549.6
2188.9
-224.48
-1837.9
-1135.1
902.84
753
-1121.7
-1895.6
-185.11
2544.7
2190.4
-205.86
-1823.3
-1142.7
904.68
762.46
-1111.9
-1905.1
-194.57
2537.7
2209
-200.67
-1846.2
-1137.6
879.35
757.89
-1082.9
-1892
-233.33
2523.6
2207.2
-199.76
-1818.7
-1166.6
893.38
769.18
-1087.2
-1898.1
-230.88
2510.2
2234.9
-193.04
-1837.9
-1144.9
864.39
781.38
-1091.8
-1906.6
-258.35
2521.5
2217.8
-167.41
-1818.1
-1162
863.78
787.79
-1074.7
-1908.4
-253.16
2506.5
2236.8
-155.81
-1816
-1197.7
875.07
796.03
-1065.5
-1909.4
-258.65
2499.5
2252
-146.96
-1830.6
-1164.4
837.54
793.29
-1054.2
-1911.8
-296.8
2494
2246.2
-129.26
-1805
-1192.5
835.71
807.32
-1047.8
-1907.5
-316.33
2481.8
2258.4
-125.9
-1800.4
-1215.4
839.98
824.72
-1046
-1900.2
-316.03
2469.6
2270.6
-114.31
-1795.2
-1213.2
841.81
825.02
-1042
-1915.1
-333.42
2466.9
2287.1
-108.51
-1811.7
-1223.6
823.5
813.12
-1019.8
-1903.2
-338.92
2457.1
2287.1
-96.912
-1805.9
-1220
821.06
839.67
-1023.1
-1916.1
-344.71
2444.3
2307.3
-76.465
-1800.7
-1251.1
817.7
856.46
-1020.7
-1916.1
-354.79
2433
2317.9
-70.972
-1801.9
-1260.5
810.68
858.59
-1002.4
-1912.7
-366.08
2434.2
2318.2
-59.985
-1800.4
-1240.7
782.61
824.11
-981.62
-1914.8
-396.9
2431.5
2318.2
-52.051
-1772.6
-1274.9
806.1
843.95
-977.65
-1906.6
-394.15
2413.2
2340.5
-46.252
-1797.4
-1269.7
791.46
860.42
-976.43
-1909
-424.37
2394.8
2339.9
-23.059
-1766.5
-1279.5
784.74
877.21
-982.53
-1907.2
-422.84
2394.5
2344.2
-23.364
-1773.5
-1270.9
757.28
858.59
-956.29
-1921.3
-446.64
2391.2
2352.7
-1.6968
-1765
-1292
741.71
868.36
-952.62
-1920.6
-442.07
2372.3
2377.1
-2.9175
-1772.9
-1309.7
762.16
897.05
-953.85
-1911.2
-464.04
2371.7
2373.5
23.328
-1757.4
-1309.7
754.53
912.3
-942.25
-1917.6
-485.1
2362.8
2384.8
35.23
-1782.7
-1296.6
718.82
899.79
-924.24
-1913.9
-503.1
2359.8
2379.9
30.957
-1749.4
-1314.3
717.91
878.74
-902.88
-1916.7
-526.6
2339.9
2391.5
43.774
-1743.6
-1334.7
721.26
907.42
-911.43
-1919.4
-529.04
2338.1
2397.9
54.15
-1736.3
-1344.5
724.01
919.02
-917.83
-1918.8
-529.35
2324.4
2416.5
74.902
-1744.6
-1359.1
702.04
909.25
-884.57
-1908.4
-551.32
2304.8
2419.9
80.09
-1719.8
-1372.5
716.69
939.16
-900.13
-1920
-555.9
2307.9
2431.5
96.265
-1749.4
-1370.4
682.51
920.24
-863.82
-1901.7
-583.36
2292.6
2430.2
116.1
-1726.6
-1364.9
679.76
939.16
-871.75
-1921.9
-572.68
2284.7
2447.3
122.51
-1723.5
-1389.3
669.38
931.23
-857.41
-1911.8
-586.11
2269.4
2460.5
135.02
-1717.1
-1404
674.27
951.67
-850.7
-1912.1
-598.01
2260.3
2464.7
147.84
-1718.3
-1395.4
655.04
937.94
-835.44
-1909.4
-639.82
2260.9
2458.3
146.92
-1706.1
-1416.2
661.45
975.48
-836.96
-1916.7
-620.29
2253.6
2474.8
154.55
-1717.7
-1415
642.83
947.71
-816.82
-1905.1
-659.35
2229.1
2486.4
183.54
-1683.2
-1437.9
641.92
969.68
-829.94
-1907.8
-636.77
2228.2
2491.9
185.07
-1712.2
-1420.8
619.64
953.81
-801.26
-1906
-670.03
2209.3
2498.6
189.04
-1707.6
-1427.8
625.74
980.97
-797.9
-1907.2
-681.02
2203.8
2500.7
202.47
-1691.5
-1429.9
595.23
969.68
-777.76
-1908.1
-695.97
2193.1
2508.4
217.72
-1673.8
-1466.5
597.36
990.73
-798.21
-1907.2
-695.06
2176.6
2519.7
225.35
-1681.4
-1439.4
589.43
981.27
-776.23
-1909.4
-701.77
2168.4
2532.8
243.66
-1663.1
-1477.8
593.7
1015.8
-781.42
-1914.2
-714.59
2157.4
2539.5
258.31
-1671
-1475.4
583.02
1009.4
-769.82
-1902.3
-728.93
2143.1
2545.6
264.72
-1670.4
-1484.5
581.49
1026.1
-765.55
-1900.8
-742.66
2149.2
2547.4
285.47
-1662.2
-1475.7
562.88
1032.8
-750.6
-1907.8
-747.24
2131.2
2560.6
285.17
-1653
-1504.1
557.69
1028.3
-724.66
-1896.2
-777.76
2119.3
2554.5
302.87
-1628.3
-1508
559.52
1020.9
-718.86
-1907.5
-799.73
2124.5
2560.3
328.81
-1635.6
-1504.4
528.7
1040.8
-725.88
-1906.6
-794.85
2102.8
2570
334
-1641.1
-1509.9
514.97
1038.3
-720.39
-1905.7
-803.09
2092.4
2578
341.63
-1638
-1518.4
512.83
1059.7
-704.82
-1899
-814.07
2068.3
2588.3
332.47
-1635
-1512
504.9
1020.6
-682.85
-1896.8
-848.86
2071.4
2590.2
343.76
-1607.8
-1537.6
505.2
1063.7
-688.04
-1903.6
-833.3
2062.2
2597.2
368.18
-1630.1
-1522.7
485.67
1035.9
-663.01
-1888.9
-866.26
2046
2596.9
380.99
-1601.1
-1549.2
497.88
1070.7
-671.56
-1899.9
-854.36
2030.5
2612.7
395.03
-1619.7
-1543.4
467.36
1039.6
-651.72
-1891.3
-887.62
2025.3
2616.1
408.46
-1594.4
-1564.8
460.95
1076.5
-656.3
-1893.5
-893.12
2015.5
2622.5
423.11
-1611.2
-1555.3
442.33
1047.2
-639.82
-1886.2
-917.53
1999.3
2625.6
423.41
-1569.7
-1579.5
455.46
1092.7
-635.55
-1889.5
-905.63
1997.8
2625.9
442.33
-1575.2
-1573
441.42
1073.7
-605.33
-1879.4
-928.82
1975.5
2635.6
440.2
-1566
-1586.2
440.81
1101.5
-612.05
-1884.3
-919.36
1960.9
2651.8
463.09
-1573
-1598.4
428.6
1104.3
-606.56
-1878.8
-943.77
1946.9
2647.8
461.56
-1556.6
-1597.2
411.21
1089
-601.67
-1881.6
-952.93
1945.3
2658.2
486.89
-1553.2
-1613.6
406.02
1071
-571.77
-1876.1
-960.86
1921.8
2667.7
501.84
-1551.1
-1617.6
398.08
1119.8
-592.52
-1876.4
-970.63
1923.7
2670.1
509.17
-1548.6
-1624.6
383.13
1120.7
-567.8
-1866
-1000.2
1896.8
2677.4
521.07
-1551.7
-1624.3
372.45
1094.8
-553.76
-1863.3
-991.38
1890.7
2682
540.91
-1528.8
-1634.4
364.82
1131.4
-572.99
-1874.9
-998.71
1878.5
2683.5
532.67
-1544.1
-1613.6
354.44
1091.4
-535.14
-1866.9
-1023.7
1866.6
2691.8
547.92
-1513.2
-1647.8
355.66
1132.6
-537.28
-1869.7
-1026.2
1854.1
2697
574.48
-1517.8
-1653.6
340.1
1137.8
-533.01
-1866.6
-1024.6
1848.9
2702.2
580.58
-1518.7
-1650.6
325.45
1112.8
-506.76
-1853.8
-1042
1831.8
2705.8
584.85
-1515.7
-1652.1
326.06
1143.3
-515.61
-1861.4
-1052.4
1817.5
2704.3
597.36
-1512.9
-1642.6
301.04
1114.6
-497.61
-1865.1
-1080.2
1808.6
2712.5
608.35
-1477.8
-1671.6
301.95
1150
-489.37
-1867.5
-1076.8
1804.9
2719.6
638.87
-1471.1
-1678.6
292.19
1158
-497.3
-1854.4
-1086.3
1778.4
2724.4
635.82
-1486.7
-1660
282.42
1115.2
-457.32
-1848.6
-1094.8
1765.6
2735.4
638.87
-1490
-1660.6
261.98
1129.6
-453.97
-1854.7
-1106.4
1764.4
2737
666.64
-1464.1
-1686.3
260.75
1126.5
-455.49
-1854.7
-1122.9
1760.7
2736.3
672.44
-1443.3
-1700.6
257.7
1171.1
-443.59
-1845.3
-1125.4
1731.1
2741.2
671.22
-1467.5
-1686.9
238.48
1131.4
-421.01
-1837.3
-1147.6
1726.5
2747.3
685.86
-1464.1
-1689.3
229.32
1130.8
-422.23
-1828.8
-1147.9
1703.9
2747.9
692.58
-1454.6
-1696
215.28
1139.4
-414.9
-1828.2
-1167.5
1702.1
2754
717.6
-1429.6
-1713.1
217.42
1174.8
-413.38
-1846.2
-1153.1
1683.5
2758.9
730.42
-1436.9
-1710.1
209.79
1148.5
-405.44
-1828.8
-1172
1675.9
2768.1
755.75
-1408.6
-1732
196.97
1175.4
-390.49
-1827.9
-1182.7
1663.3
2764.4
764.29
-1413.7
-1733
185.07
1171.4
-375.54
-1811.1
-1204.7
1643.5
2768.7
753.31
-1395.1
-1731.1
168.29
1192.2
-372.79
-1827.6
-1218.1
1633.4
2772.7
767.65
-1378.7
-1741.2
169.2
1182.7
-370.04
-1821.5
-1208.7
1619.4
2780.9
790.54
-1397.6
-1727.2
161.88
1169
-350.21
-1813.2
-1233.7
1618.8
2778.8
806.41
-1372.9
-1749.7
139.29
1200.1
-349.29
-1816.6
-1230.3
1598.6
2783
814.65
-1380.2
-1747.9
131.97
1162.2
-330.68
-1803.5
-1244.7
1577.3
2784.9
812.82
-1370.7
-1744.6
117.02
1170.5
-322.74
-1827.6
-1236.4
1557.4
2801
843.03
-1362.5
-1772.9
115.19
1188.8
-314.2
-1792.8
-1259.6
1551.6
2793.7
846.69
-1378.7
-1750
102.06
1161
-305.65
-1792.5
-1268.2
1537
2795.5
853.41
-1342.6
-1758.3
89.246
1192.5
-293.75
-1811.1
-1280.7
1526.9
2807.4
870.5
-1338.1
-1780.3
84.363
1208.9
-295.89
-1793.1
-1277.3
1508
2805.3
869.89
-1336.2
-1769
75.818
1168
-262.62
-1779.7
-1295
1496.7
2808.7
886.67
-1316.7
-1771.4
59.949
1169.3
-252.86
-1788.2
-1295
1476.3
2811.1
890.94
-1300.2
-1795.2
52.93
1182.4
-250.42
-1768.4
-1321
1471.7
2812.3
920.24
-1327.4
-1770.8
36.755
1183.9
-251.64
-1790.9
-1315.2
1470.2
2819.7
926.95
-1288.9
-1805
36.755
1200.1
-245.53
-1762.6
-1339
1439.3
2817.2
930
-1284.4
-1797.7
15.393
1205.6
-237.9
-1774.8
-1346.6
1436
2825.5
948.62
-1302.4
-1789.4
27.295
1186.7
-221.73
-1770.2
-1345.1
1417.1
2825.5
971.51
-1290.1
-1805.3
7.4585
1208.9
-214.1
-1758.3
-1357
1412.8
2822.1
974.56
-1288.3
-1794
-5.9692
1185.1
-207.39
-1770.2
-1362.5
1394.2
2832.2
989.82
-1261.5
-1807.4
-15.125
1189.7
-198.84
-1760.4
-1379.6
1372.2
2833.4
1007.5
-1234.9
-1819
-33.435
1223
-180.53
-1748.5
-1380.5
1357.3
2834.3
1008.7
-1268.2
-1825.7
-42.59
1198.6
-178.09
-1729.3
-1407
1341.7
2839.8
1011.5
-1258.4
-1822.7
-55.103
1195.8
-170.76
-1733.9
-1400.3
1334.1
2834.9
1027.4
-1231.9
-1819
-42.896
1182.1
-164.66
-1741.2
-1407.6
1322.2
2836.1
1041.1
-1244.1
-1816.9
-60.901
1182.1
-138.11
-1725.9
-1423.8
1313
2843.5
1053.3
-1199.8
-1836.1
-82.263
1218.7
-136.89
-1728.1
-1426.9
1287.4
2843.8
1062.8
-1206.8
-1842.8
-89.282
1205
-131.09
-1721.1
-1426
1287.7
2837.4
1082
-1200.1
-1824.8
-96.301
1202.8
-125.9
-1744.3
-1416.5
1272.4
2850.5
1085.3
-1211.7
-1844.7
-115.53
1187.6
-111.87
-1713.7
-1443.7
1253.8
2845.3
1108.5
-1195.2
-1844.3
-129.26
1232.7
-113.09
-1720.1
-1443
1239.1
2844.1
1113.1
-1173.3
-1836.1
-124.99
1193.7
-88.672
-1726.6
-1468.7
1230.9
2854.7
1112.2
-1160.1
-1847.4
-139.94
1227.9
-85.01
-1713.7
-1469
1218.7
2851.4
1151.9
-1175.1
-1844
-141.77
1180.6
-76.77
-1695.4
-1472
1195.2
2857.5
1158.3
-1166.9
-1863.6
-162.22
1197.9
-67.004
-1687.5
-1488.5
1178.7
2854.7
1154.6
-1146.1
-1848.6
-177.78
1215.6
-57.849
-1709.2
-1487
1173.8
2854.7
1186.4
-1150.7
-1864.2
-182.06
1208.6
-50.22
-1685.7
-1493.4
1165
2855.4
1190.6
-1123.2
-1867.5
-203.42
1231.5
-33.74
-1672.8
-1509.3
1129
2857.8
1200.1
-1136.3
-1869.4
-204.03
1217.5
-30.994
-1677.4
-1505
1129.9
2852.3
1222.7
-1131.2
-1864.5
-203.72
1176.3
-19.092
-1670.4
-1513.8
1115.9
2856.3
1228.5
-1104.6
-1876.1
-226
1223.9
-12.378
-1673.8
-1519.9
1106.1
2854.1
1232.1
-1108.6
-1875.2
-218.98
