3.178800000000000026e+01
1.805499999999999972e+01
2.796400000000000219e+00
-2.222800000000000153e+01
-3.443500000000000227e+01
-2.589000000000000057e+01
-1.490399999999999991e+01
-4.833000000000000185e+00
1.897100000000000009e+01
2.354799999999999827e+01
2.385399999999999920e+01
1.469800000000000040e+01
-6.969199999999999839e+00
-1.703999999999999915e+01
-4.114900000000000091e+01
-3.229899999999999949e+01
-1.703999999999999915e+01
7.984399999999999942e+00
2.293799999999999883e+01
2.141199999999999903e+01
2.782100000000000151e+01
1.927599999999999980e+01
-5.443399999999999572e+00
-2.405900000000000105e+01
-3.840200000000000102e+01
-2.375400000000000134e+01
-2.039699999999999847e+01
1.575700000000000101e+00
1.958099999999999952e+01
1.714000000000000057e+01
2.171699999999999875e+01
9.815400000000000347e+00
4.981000000000000011e-02
-1.307300000000000040e+01
-3.443500000000000227e+01
-2.558500000000000085e+01
-6.969199999999999839e+00
-2.553699999999999859e-01
2.202199999999999847e+01
2.202199999999999847e+01
2.568499999999999872e+01
1.500300000000000011e+01
-4.527800000000000047e+00
-2.009199999999999875e+01
-3.290899999999999892e+01
-2.375400000000000134e+01
-1.154700000000000060e+01
3.406699999999999839e+00
1.530899999999999928e+01
2.782100000000000151e+01
2.537900000000000134e+01
1.286700000000000088e+01
-3.001900000000000013e+00
-1.764999999999999858e+01
-4.267499999999999716e+01
-2.680600000000000094e+01
-1.978699999999999903e+01
3.549900000000000277e-01
1.591900000000000048e+01
1.866600000000000037e+01
2.415899999999999892e+01
1.225699999999999967e+01
-1.781199999999999894e+00
-2.131200000000000117e+01
-3.321399999999999864e+01
-3.474000000000000199e+01
-7.884800000000000253e+00
6.153299999999999770e+00
2.476899999999999835e+01
2.202199999999999847e+01
1.561400000000000077e+01
2.049699999999999989e+01
-7.884800000000000253e+00
-3.107799999999999940e+01
-3.809700000000000131e+01
-2.955199999999999960e+01
-1.612500000000000000e+01
7.068900000000000183e+00
1.866600000000000037e+01
2.843100000000000094e+01
2.354799999999999827e+01
1.408799999999999919e+01
-2.553699999999999859e-01
-2.528000000000000114e+01
-3.931799999999999784e+01
-3.229899999999999949e+01
-9.715799999999999770e+00
1.575700000000000101e+00
2.537900000000000134e+01
2.171699999999999875e+01
3.026200000000000045e+01
1.073099999999999987e+01
-6.664100000000000357e+00
-1.673499999999999943e+01
-3.535099999999999909e+01
-2.039699999999999847e+01
-1.154700000000000060e+01
1.880900000000000016e+00
1.408799999999999919e+01
2.293799999999999883e+01
2.934700000000000131e+01
9.510300000000000864e+00
3.101599999999999913e+00
-1.703999999999999915e+01
-3.016300000000000026e+01
-3.565599999999999881e+01
-9.410600000000000520e+00
4.017100000000000115e+00
1.164600000000000080e+01
2.263299999999999912e+01
2.873600000000000065e+01
1.469800000000000040e+01
-7.579600000000000115e+00
-2.985699999999999932e+01
-2.741600000000000037e+01
-2.863700000000000045e+01
-1.948100000000000165e+01
1.575700000000000101e+00
1.500300000000000011e+01
2.324299999999999855e+01
3.300900000000000034e+01
1.744500000000000028e+01
-3.001900000000000013e+00
-2.589000000000000057e+01
-4.145400000000000063e+01
-3.138299999999999912e+01
-1.459900000000000020e+01
-8.657200000000000450e-01
1.073099999999999987e+01
1.805499999999999972e+01
2.537900000000000134e+01
1.714000000000000057e+01
-3.307100000000000151e+00
-2.863700000000000045e+01
-3.718200000000000216e+01
-2.222800000000000153e+01
-1.826099999999999923e+01
1.575700000000000101e+00
2.324299999999999855e+01
1.652899999999999991e+01
3.239800000000000324e+01
1.622400000000000020e+01
-8.189899999999999736e+00
-1.764999999999999858e+01
-3.626599999999999824e+01
-2.497500000000000142e+01
-9.410600000000000520e+00
1.042600000000000016e+01
1.256199999999999939e+01
2.721000000000000085e+01
2.415899999999999892e+01
1.683399999999999963e+01
6.601599999999999691e-01
-2.161799999999999855e+01
-3.321399999999999864e+01
-3.077299999999999969e+01
-7.884800000000000253e+00
-8.657200000000000450e-01
1.561400000000000077e+01
2.415899999999999892e+01
3.209300000000000352e+01
1.561400000000000077e+01
-6.969199999999999839e+00
-3.138299999999999912e+01
-3.657099999999999795e+01
-2.741600000000000037e+01
-1.398799999999999955e+01
9.205099999999999838e+00
2.629500000000000171e+01
2.263299999999999912e+01
2.934700000000000131e+01
8.289600000000000080e+00
-2.086399999999999810e+00
-2.192299999999999827e+01
-4.389600000000000080e+01
-2.955199999999999960e+01
-1.978699999999999903e+01
1.575700000000000101e+00
2.049699999999999989e+01
1.561400000000000077e+01
2.598999999999999844e+01
1.622400000000000020e+01
-5.748499999999999943e+00
-1.978699999999999903e+01
-3.840200000000000102e+01
-2.924699999999999989e+01
-8.189899999999999736e+00
7.984399999999999942e+00
2.080199999999999960e+01
1.744500000000000028e+01
2.507400000000000162e+01
1.225699999999999967e+01
-4.527800000000000047e+00
-1.215700000000000003e+01
-4.236999999999999744e+01
-2.558500000000000085e+01
-1.215700000000000003e+01
-3.001900000000000013e+00
1.652899999999999991e+01
2.049699999999999989e+01
2.263299999999999912e+01
1.164600000000000080e+01
4.017100000000000115e+00
-3.046799999999999997e+01
-3.931799999999999784e+01
-2.863700000000000045e+01
-1.978699999999999903e+01
-4.833000000000000185e+00
2.690500000000000114e+01
2.232799999999999940e+01
3.239800000000000324e+01
1.683399999999999963e+01
-8.495100000000000762e+00
-2.772100000000000009e+01
-3.504500000000000171e+01
-2.833200000000000074e+01
-1.002100000000000080e+01
4.627399999999999736e+00
1.347799999999999976e+01
1.897100000000000009e+01
2.171699999999999875e+01
1.408799999999999919e+01
-1.063100000000000023e+01
-2.222800000000000153e+01
-3.565599999999999881e+01
-2.253300000000000125e+01
-1.307300000000000040e+01
4.627399999999999736e+00
1.408799999999999919e+01
3.087300000000000111e+01
2.263299999999999912e+01
1.835999999999999943e+01
4.981000000000000011e-02
-2.375400000000000134e+01
-3.596099999999999852e+01
-2.375400000000000134e+01
-1.246199999999999974e+01
-3.612299999999999844e+00
2.476899999999999835e+01
2.537900000000000134e+01
3.331400000000000006e+01
1.439300000000000068e+01
-4.833000000000000185e+00
-1.703999999999999915e+01
-4.023299999999999699e+01
-2.955199999999999960e+01
-1.856599999999999895e+01
2.796400000000000219e+00
2.110699999999999932e+01
2.507400000000000162e+01
2.080199999999999960e+01
1.591900000000000048e+01
-8.189899999999999736e+00
-1.795599999999999952e+01
-4.328499999999999659e+01
-2.070200000000000173e+01
-1.276800000000000068e+01
5.543000000000000149e+00
1.988599999999999923e+01
1.591900000000000048e+01
2.690500000000000114e+01
1.103599999999999959e+01
-5.138200000000000323e+00
-2.100700000000000145e+01
-4.175900000000000034e+01
-3.321399999999999864e+01
-1.002100000000000080e+01
-3.612299999999999844e+00
1.897100000000000009e+01
2.507400000000000162e+01
2.354799999999999827e+01
7.984399999999999942e+00
-9.105499999999999261e+00
-2.802599999999999980e+01
-4.267499999999999716e+01
-3.138299999999999912e+01
-1.154700000000000060e+01
4.627399999999999736e+00
1.744500000000000028e+01
2.141199999999999903e+01
2.537900000000000134e+01
1.652899999999999991e+01
-6.969199999999999839e+00
-1.734499999999999886e+01
-3.504500000000000171e+01
-3.260399999999999920e+01
-9.410600000000000520e+00
2.185999999999999943e+00
2.049699999999999989e+01
2.354799999999999827e+01
2.293799999999999883e+01
1.103599999999999959e+01
1.270499999999999963e+00
-2.650000000000000000e+01
-3.962299999999999756e+01
-2.497500000000000142e+01
-2.192299999999999827e+01
-1.781199999999999894e+00
1.958099999999999952e+01
1.195199999999999996e+01
2.110699999999999932e+01
1.500300000000000011e+01
-6.664100000000000357e+00
-2.497500000000000142e+01
-3.168799999999999883e+01
-2.039699999999999847e+01
-1.215700000000000003e+01
7.679199999999999804e+00
2.202199999999999847e+01
2.904200000000000159e+01
2.415899999999999892e+01
1.164600000000000080e+01
-9.410600000000000520e+00
-1.551399999999999935e+01
-3.718200000000000216e+01
-2.741600000000000037e+01
-1.002100000000000080e+01
1.073099999999999987e+01
2.324299999999999855e+01
1.835999999999999943e+01
2.690500000000000114e+01
7.373999999999999666e+00
-1.170900000000000052e+00
-2.070200000000000173e+01
-3.290899999999999892e+01
-3.229899999999999949e+01
-1.002100000000000080e+01
3.549900000000000277e-01
1.988599999999999923e+01
1.561400000000000077e+01
3.300900000000000034e+01
1.286700000000000088e+01
-1.093699999999999939e+01
-2.589000000000000057e+01
-3.718200000000000216e+01
-2.528000000000000114e+01
-1.276800000000000068e+01
8.594699999999999562e+00
1.561400000000000077e+01
2.476899999999999835e+01
2.385399999999999920e+01
1.256199999999999939e+01
-2.086399999999999810e+00
-2.863700000000000045e+01
-3.504500000000000171e+01
-2.741600000000000037e+01
-9.410600000000000520e+00
-6.053700000000000081e+00
2.263299999999999912e+01
1.500300000000000011e+01
2.263299999999999912e+01
1.195199999999999996e+01
-1.063100000000000023e+01
-2.589000000000000057e+01
-3.504500000000000171e+01
-2.894200000000000017e+01
-1.642999999999999972e+01
6.153299999999999770e+00
1.439300000000000068e+01
2.202199999999999847e+01
3.392399999999999949e+01
9.815400000000000347e+00
-1.476099999999999968e+00
-2.741600000000000037e+01
-3.199399999999999977e+01
-3.077299999999999969e+01
-2.070200000000000173e+01
1.270499999999999963e+00
1.469800000000000040e+01
2.537900000000000134e+01
3.056700000000000017e+01
1.073099999999999987e+01
-5.605400000000000382e-01
-2.375400000000000134e+01
-2.985699999999999932e+01
-3.290899999999999892e+01
-1.337800000000000011e+01
6.153299999999999770e+00
2.324299999999999855e+01
1.775000000000000000e+01
2.354799999999999827e+01
1.744500000000000028e+01
-5.748499999999999943e+00
-1.246199999999999974e+01
-3.565599999999999881e+01
-2.680600000000000094e+01
-1.398799999999999955e+01
9.510300000000000864e+00
1.134099999999999930e+01
2.354799999999999827e+01
3.331400000000000006e+01
1.897100000000000009e+01
-6.969199999999999839e+00
-1.764999999999999858e+01
-3.199399999999999977e+01
-3.748700000000000188e+01
-7.274399999999999977e+00
4.981000000000000011e-02
1.286700000000000088e+01
1.591900000000000048e+01
2.721000000000000085e+01
1.012100000000000044e+01
-2.391599999999999948e+00
-2.253300000000000125e+01
-3.687599999999999767e+01
-3.107799999999999940e+01
-1.002100000000000080e+01
7.984399999999999942e+00
1.714000000000000057e+01
2.385399999999999920e+01
3.087300000000000111e+01
1.317200000000000060e+01
-3.612299999999999844e+00
-1.734499999999999886e+01
-4.267499999999999716e+01
-3.290899999999999892e+01
-2.192299999999999827e+01
2.796400000000000219e+00
2.263299999999999912e+01
1.775000000000000000e+01
3.117800000000000082e+01
9.815400000000000347e+00
3.406699999999999839e+00
-2.131200000000000117e+01
-3.321399999999999864e+01
-2.558500000000000085e+01
-1.215700000000000003e+01
1.270499999999999963e+00
1.164600000000000080e+01
1.835999999999999943e+01
2.537900000000000134e+01
1.988599999999999923e+01
-9.410600000000000520e+00
-1.429299999999999926e+01
-3.748700000000000188e+01
-2.894200000000000017e+01
-1.948100000000000165e+01
9.815400000000000347e+00
2.141199999999999903e+01
1.652899999999999991e+01
2.110699999999999932e+01
9.510300000000000864e+00
-6.053700000000000081e+00
-1.826099999999999923e+01
-3.870799999999999841e+01
-3.168799999999999883e+01
-1.703999999999999915e+01
1.270499999999999963e+00
1.622400000000000020e+01
1.958099999999999952e+01
2.629500000000000171e+01
8.594699999999999562e+00
-1.476099999999999968e+00
-3.016300000000000026e+01
-3.290899999999999892e+01
-3.229899999999999949e+01
-1.642999999999999972e+01
5.543000000000000149e+00
1.805499999999999972e+01
2.812600000000000122e+01
2.263299999999999912e+01
2.110699999999999932e+01
-1.002100000000000080e+01
-2.253300000000000125e+01
-3.809700000000000131e+01
-3.504500000000000171e+01
-1.673499999999999943e+01
9.653399999999999759e-01
2.141199999999999903e+01
1.500300000000000011e+01
2.995700000000000074e+01
7.373999999999999666e+00
-9.105499999999999261e+00
-2.436400000000000077e+01
-4.206400000000000006e+01
-2.070200000000000173e+01
-1.459900000000000020e+01
2.491200000000000081e+00
1.347799999999999976e+01
2.476899999999999835e+01
1.775000000000000000e+01
1.103599999999999959e+01
-8.657200000000000450e-01
-2.680600000000000094e+01
-3.779200000000000159e+01
-3.290899999999999892e+01
-8.495100000000000762e+00
2.491200000000000081e+00
1.652899999999999991e+01
2.019099999999999895e+01
3.300900000000000034e+01
8.594699999999999562e+00
3.711899999999999977e+00
-2.955199999999999960e+01
-4.023299999999999699e+01
-2.466900000000000048e+01
-1.459900000000000020e+01
-1.170900000000000052e+00
1.652899999999999991e+01
2.202199999999999847e+01
2.354799999999999827e+01
9.815400000000000347e+00
-9.410600000000000520e+00
-2.039699999999999847e+01
-3.260399999999999920e+01
-2.955199999999999960e+01
-5.138200000000000323e+00
9.510300000000000864e+00
1.286700000000000088e+01
2.354799999999999827e+01
2.995700000000000074e+01
6.153299999999999770e+00
-6.664100000000000357e+00
-1.673499999999999943e+01
-2.741600000000000037e+01
-2.405900000000000105e+01
-1.612500000000000000e+01
7.679199999999999804e+00
2.324299999999999855e+01
2.415899999999999892e+01
2.141199999999999903e+01
2.110699999999999932e+01
-5.748499999999999943e+00
-2.344900000000000162e+01
-4.084400000000000119e+01
-2.344900000000000162e+01
-9.105499999999999261e+00
6.763700000000000045e+00
1.652899999999999991e+01
1.469800000000000040e+01
2.965200000000000102e+01
9.510300000000000864e+00
-2.391599999999999948e+00
-2.558500000000000085e+01
-3.321399999999999864e+01
-2.558500000000000085e+01
-1.856599999999999895e+01
4.981000000000000011e-02
1.775000000000000000e+01
1.622400000000000020e+01
2.476899999999999835e+01
1.134099999999999930e+01
-9.715799999999999770e+00
-2.070200000000000173e+01
-4.267499999999999716e+01
-2.314399999999999835e+01
-7.274399999999999977e+00
4.322300000000000253e+00
1.958099999999999952e+01
2.263299999999999912e+01
2.354799999999999827e+01
8.594699999999999562e+00
-8.800300000000000011e+00
-1.459900000000000020e+01
-3.107799999999999940e+01
-2.833200000000000074e+01
-1.154700000000000060e+01
4.932599999999999874e+00
2.110699999999999932e+01
2.446399999999999864e+01
2.721000000000000085e+01
1.591900000000000048e+01
-4.222699999999999676e+00
-2.161799999999999855e+01
-4.084400000000000119e+01
-2.985699999999999932e+01
-1.246199999999999974e+01
5.237800000000000011e+00
2.019099999999999895e+01
2.873600000000000065e+01
2.293799999999999883e+01
1.652899999999999991e+01
-1.032600000000000051e+01
-1.887099999999999866e+01
-4.389600000000000080e+01
-3.199399999999999977e+01
-1.307300000000000040e+01
8.899900000000000588e+00
2.141199999999999903e+01
1.622400000000000020e+01
3.300900000000000034e+01
1.866600000000000037e+01
-1.781199999999999894e+00
-2.070200000000000173e+01
-4.267499999999999716e+01
-2.192299999999999827e+01
-1.246199999999999974e+01
-2.086399999999999810e+00
1.622400000000000020e+01
1.958099999999999952e+01
1.988599999999999923e+01
1.530899999999999928e+01
-6.664100000000000357e+00
-1.734499999999999886e+01
-3.992799999999999727e+01
-3.260399999999999920e+01
-1.642999999999999972e+01
-2.086399999999999810e+00
1.073099999999999987e+01
2.507400000000000162e+01
2.629500000000000171e+01
1.378299999999999947e+01
-9.105499999999999261e+00
-2.192299999999999827e+01
-3.992799999999999727e+01
-3.229899999999999949e+01
-5.748499999999999943e+00
6.601599999999999691e-01
2.110699999999999932e+01
1.652899999999999991e+01
2.446399999999999864e+01
1.652899999999999991e+01
-2.086399999999999810e+00
-2.711100000000000065e+01
-3.077299999999999969e+01
-2.955199999999999960e+01
-1.551399999999999935e+01
5.237800000000000011e+00
2.507400000000000162e+01
1.714000000000000057e+01
2.934700000000000131e+01
1.500300000000000011e+01
-1.276800000000000068e+01
-1.948100000000000165e+01
-2.924699999999999989e+01
-3.626599999999999824e+01
-7.884800000000000253e+00
5.848099999999999632e+00
1.591900000000000048e+01
2.751599999999999824e+01
2.415899999999999892e+01
1.469800000000000040e+01
-6.358900000000000219e+00
-2.100700000000000145e+01
-3.596099999999999852e+01
-2.619500000000000028e+01
-1.246199999999999974e+01
-1.476099999999999968e+00
2.293799999999999883e+01
2.598999999999999844e+01
2.049699999999999989e+01
1.897100000000000009e+01
-1.476099999999999968e+00
-2.405900000000000105e+01
-3.901299999999999812e+01
-2.497500000000000142e+01
-1.764999999999999858e+01
4.981000000000000011e-02
1.439300000000000068e+01
2.629500000000000171e+01
2.629500000000000171e+01
7.984399999999999942e+00
-7.579600000000000115e+00
-2.070200000000000173e+01
-4.114900000000000091e+01
-2.375400000000000134e+01
-1.032600000000000051e+01
-3.001900000000000013e+00
2.019099999999999895e+01
2.232799999999999940e+01
2.721000000000000085e+01
1.378299999999999947e+01
9.653399999999999759e-01
-2.528000000000000114e+01
-4.084400000000000119e+01
-2.863700000000000045e+01
-8.800300000000000011e+00
4.627399999999999736e+00
1.927599999999999980e+01
2.324299999999999855e+01
2.995700000000000074e+01
1.134099999999999930e+01
-3.001900000000000013e+00
-2.375400000000000134e+01
-3.718200000000000216e+01
-2.772100000000000009e+01
-2.161799999999999855e+01
8.289600000000000080e+00
1.683399999999999963e+01
1.561400000000000077e+01
2.049699999999999989e+01
2.476899999999999835e+01
-6.358900000000000219e+00
-1.795599999999999952e+01
-4.023299999999999699e+01
-3.016300000000000026e+01
-2.131200000000000117e+01
5.237800000000000011e+00
2.171699999999999875e+01
2.293799999999999883e+01
3.117800000000000082e+01
7.373999999999999666e+00
-8.189899999999999736e+00
-1.490399999999999991e+01
-3.596099999999999852e+01
-3.413000000000000256e+01
-2.131200000000000117e+01
1.575700000000000101e+00
1.897100000000000009e+01
3.087300000000000111e+01
1.988599999999999923e+01
1.103599999999999959e+01
-5.443399999999999572e+00
-2.253300000000000125e+01
-3.321399999999999864e+01
-2.131200000000000117e+01
-1.459900000000000020e+01
-2.696800000000000086e+00
2.263299999999999912e+01
1.347799999999999976e+01
3.422999999999999687e+01
1.256199999999999939e+01
4.981000000000000011e-02
-2.314399999999999835e+01
-3.809700000000000131e+01
-2.619500000000000028e+01
-1.063100000000000023e+01
1.880900000000000016e+00
2.721000000000000085e+01
2.263299999999999912e+01
2.141199999999999903e+01
1.134099999999999930e+01
-6.664100000000000357e+00
-2.894200000000000017e+01
-3.809700000000000131e+01
-3.290899999999999892e+01
-8.495100000000000762e+00
6.153299999999999770e+00
2.171699999999999875e+01
2.568499999999999872e+01
2.385399999999999920e+01
1.805499999999999972e+01
-4.833000000000000185e+00
-2.650000000000000000e+01
-3.504500000000000171e+01
-2.589000000000000057e+01
-1.734499999999999886e+01
2.185999999999999943e+00
2.415899999999999892e+01
2.568499999999999872e+01
2.171699999999999875e+01
1.347799999999999976e+01
-6.664100000000000357e+00
-1.978699999999999903e+01
-3.229899999999999949e+01
-2.222800000000000153e+01
-1.398799999999999955e+01
5.848099999999999632e+00
2.782100000000000151e+01
1.714000000000000057e+01
2.232799999999999940e+01
1.042600000000000016e+01
-8.800300000000000011e+00
-1.429299999999999926e+01
-3.840200000000000102e+01
-2.955199999999999960e+01
-5.748499999999999943e+00
2.491200000000000081e+00
1.561400000000000077e+01
2.141199999999999903e+01
2.812600000000000122e+01
9.205099999999999838e+00
-4.833000000000000185e+00
-2.405900000000000105e+01
-3.352000000000000313e+01
-2.650000000000000000e+01
-6.358900000000000219e+00
5.237800000000000011e+00
1.622400000000000020e+01
2.019099999999999895e+01
3.422999999999999687e+01
1.805499999999999972e+01
-7.274399999999999977e+00
-2.772100000000000009e+01
-3.657099999999999795e+01
-3.199399999999999977e+01
-1.276800000000000068e+01
3.549900000000000277e-01
2.568499999999999872e+01
2.293799999999999883e+01
2.293799999999999883e+01
1.805499999999999972e+01
-6.358900000000000219e+00
-2.131200000000000117e+01
-4.114900000000000091e+01
-2.344900000000000162e+01
-1.429299999999999926e+01
8.594699999999999562e+00
2.232799999999999940e+01
2.873600000000000065e+01
2.263299999999999912e+01
1.652899999999999991e+01
-1.170900000000000052e+00
-2.619500000000000028e+01
-3.840200000000000102e+01
-1.948100000000000165e+01
-1.398799999999999955e+01
-2.696800000000000086e+00
2.141199999999999903e+01
2.629500000000000171e+01
1.927599999999999980e+01
1.408799999999999919e+01
-1.170900000000000052e+00
-1.856599999999999895e+01
-3.931799999999999784e+01
-2.650000000000000000e+01
-9.410600000000000520e+00
4.322300000000000253e+00
2.202199999999999847e+01
2.568499999999999872e+01
3.178800000000000026e+01
1.714000000000000057e+01
-7.884800000000000253e+00
-2.619500000000000028e+01
-3.931799999999999784e+01
-2.070200000000000173e+01
-1.490399999999999991e+01
8.289600000000000080e+00
1.530899999999999928e+01
1.591900000000000048e+01
3.117800000000000082e+01
9.510300000000000864e+00
-2.696800000000000086e+00
-2.100700000000000145e+01
-4.328499999999999659e+01
-3.443500000000000227e+01
-9.715799999999999770e+00
1.880900000000000016e+00
1.439300000000000068e+01
1.958099999999999952e+01
3.117800000000000082e+01
1.530899999999999928e+01
-1.124200000000000088e+01
-1.215700000000000003e+01
-4.236999999999999744e+01
-2.528000000000000114e+01
-8.189899999999999736e+00
2.185999999999999943e+00
2.507400000000000162e+01
2.721000000000000085e+01
3.087300000000000111e+01
1.805499999999999972e+01
-6.969199999999999839e+00
-2.558500000000000085e+01
-3.199399999999999977e+01
-3.046799999999999997e+01
-1.307300000000000040e+01
7.068900000000000183e+00
1.256199999999999939e+01
2.568499999999999872e+01
2.721000000000000085e+01
7.984399999999999942e+00
-1.368299999999999983e+01
-2.497500000000000142e+01
-3.290899999999999892e+01
-2.528000000000000114e+01
-1.826099999999999923e+01
-4.527800000000000047e+00
2.293799999999999883e+01
1.683399999999999963e+01
2.598999999999999844e+01
1.805499999999999972e+01
-3.612299999999999844e+00
-2.466900000000000048e+01
-3.657099999999999795e+01
-2.650000000000000000e+01
-1.520899999999999963e+01
4.932599999999999874e+00
2.232799999999999940e+01
1.714000000000000057e+01
3.239800000000000324e+01
1.652899999999999991e+01
-1.124200000000000088e+01
-2.344900000000000162e+01
-3.229899999999999949e+01
-3.352000000000000313e+01
-1.337800000000000011e+01
6.153299999999999770e+00
2.293799999999999883e+01
2.446399999999999864e+01
3.239800000000000324e+01
1.561400000000000077e+01
-1.002100000000000080e+01
-3.016300000000000026e+01
-4.175900000000000034e+01
-1.948100000000000165e+01
-1.887099999999999866e+01
4.017100000000000115e+00
1.286700000000000088e+01
1.988599999999999923e+01
3.270400000000000063e+01
9.510300000000000864e+00
-9.410600000000000520e+00
-2.161799999999999855e+01
-4.145400000000000063e+01
-2.680600000000000094e+01
-1.764999999999999858e+01
5.848099999999999632e+00
1.530899999999999928e+01
1.927599999999999980e+01
2.537900000000000134e+01
1.042600000000000016e+01
3.101599999999999913e+00
-1.764999999999999858e+01
-3.718200000000000216e+01
-2.802599999999999980e+01
-1.581900000000000084e+01
1.880900000000000016e+00
1.835999999999999943e+01
1.866600000000000037e+01
2.202199999999999847e+01
1.378299999999999947e+01
-9.105499999999999261e+00
-2.283800000000000097e+01
-3.138299999999999912e+01
-2.589000000000000057e+01
-1.581900000000000084e+01
-3.307100000000000151e+00
1.256199999999999939e+01
2.324299999999999855e+01
2.995700000000000074e+01
1.866600000000000037e+01
-3.917499999999999982e+00
-2.619500000000000028e+01
-3.229899999999999949e+01
-2.680600000000000094e+01
-1.002100000000000080e+01
-1.170900000000000052e+00
2.202199999999999847e+01
2.324299999999999855e+01
3.209300000000000352e+01
1.897100000000000009e+01
-7.884800000000000253e+00
-2.985699999999999932e+01
-2.955199999999999960e+01
-3.077299999999999969e+01
-5.748499999999999943e+00
6.458499999999999908e+00
2.080199999999999960e+01
2.049699999999999989e+01
2.660000000000000142e+01
1.744500000000000028e+01
-7.579600000000000115e+00
-1.978699999999999903e+01
-3.626599999999999824e+01
-2.100700000000000145e+01
-6.969199999999999839e+00
9.815400000000000347e+00
1.805499999999999972e+01
2.690500000000000114e+01
3.087300000000000111e+01
1.012100000000000044e+01
-9.715799999999999770e+00
-2.344900000000000162e+01
-2.985699999999999932e+01
-2.436400000000000077e+01
-2.131200000000000117e+01
7.068900000000000183e+00
2.476899999999999835e+01
1.500300000000000011e+01
2.843100000000000094e+01
1.317200000000000060e+01
-7.274399999999999977e+00
-3.138299999999999912e+01
-3.779200000000000159e+01
-2.863700000000000045e+01
-6.664100000000000357e+00
9.815400000000000347e+00
1.927599999999999980e+01
2.202199999999999847e+01
2.812600000000000122e+01
7.373999999999999666e+00
-5.605400000000000382e-01
-1.673499999999999943e+01
-4.084400000000000119e+01
-3.199399999999999977e+01
-1.490399999999999991e+01
-1.476099999999999968e+00
1.775000000000000000e+01
2.537900000000000134e+01
2.537900000000000134e+01
1.683399999999999963e+01
-2.086399999999999810e+00
-1.978699999999999903e+01
-3.565599999999999881e+01
-3.290899999999999892e+01
-1.185200000000000031e+01
8.594699999999999562e+00
2.019099999999999895e+01
2.110699999999999932e+01
1.714000000000000057e+01
1.256199999999999939e+01
-1.185200000000000031e+01
-2.772100000000000009e+01
-3.382500000000000284e+01
-2.680600000000000094e+01
-9.410600000000000520e+00
5.543000000000000149e+00
1.256199999999999939e+01
2.660000000000000142e+01
2.507400000000000162e+01
1.286700000000000088e+01
-4.527800000000000047e+00
-1.826099999999999923e+01
-3.107799999999999940e+01
-3.199399999999999977e+01
-1.093699999999999939e+01
4.322300000000000253e+00
2.141199999999999903e+01
2.507400000000000162e+01
2.385399999999999920e+01
2.354799999999999827e+01
-1.063100000000000023e+01
-2.161799999999999855e+01
-3.840200000000000102e+01
-2.833200000000000074e+01
-1.124200000000000088e+01
6.458499999999999908e+00
2.049699999999999989e+01
2.660000000000000142e+01
2.415899999999999892e+01
1.103599999999999959e+01
-2.391599999999999948e+00
-3.382500000000000284e+01
-3.504500000000000171e+01
-3.229899999999999949e+01
-1.459900000000000020e+01
5.543000000000000149e+00
1.317200000000000060e+01
2.904200000000000159e+01
1.927599999999999980e+01
1.958099999999999952e+01
-4.527800000000000047e+00
-1.581900000000000084e+01
-3.657099999999999795e+01
-2.253300000000000125e+01
-6.053700000000000081e+00
5.237800000000000011e+00
1.866600000000000037e+01
1.927599999999999980e+01
2.263299999999999912e+01
7.984399999999999942e+00
-4.833000000000000185e+00
-1.978699999999999903e+01
-2.985699999999999932e+01
-3.535099999999999909e+01
-1.398799999999999955e+01
2.796400000000000219e+00
1.988599999999999923e+01
2.995700000000000074e+01
2.598999999999999844e+01
6.763700000000000045e+00
-6.358900000000000219e+00
-2.375400000000000134e+01
-3.107799999999999940e+01
-3.626599999999999824e+01
-1.154700000000000060e+01
8.594699999999999562e+00
1.958099999999999952e+01
1.469800000000000040e+01
2.629500000000000171e+01
2.202199999999999847e+01
-2.696800000000000086e+00
-2.894200000000000017e+01
-3.992799999999999727e+01
-2.497500000000000142e+01
-1.703999999999999915e+01
3.406699999999999839e+00
1.805499999999999972e+01
2.812600000000000122e+01
2.476899999999999835e+01
1.805499999999999972e+01
4.981000000000000011e-02
-2.436400000000000077e+01
-3.657099999999999795e+01
-2.100700000000000145e+01
-1.490399999999999991e+01
3.101599999999999913e+00
2.080199999999999960e+01
1.500300000000000011e+01
2.446399999999999864e+01
1.835999999999999943e+01
-6.664100000000000357e+00
-2.253300000000000125e+01
-3.992799999999999727e+01
-2.253300000000000125e+01
-1.215700000000000003e+01
1.575700000000000101e+00
2.385399999999999920e+01
2.385399999999999920e+01
2.751599999999999824e+01
9.205099999999999838e+00
9.653399999999999759e-01
-2.009199999999999875e+01
-3.992799999999999727e+01
-2.833200000000000074e+01
-1.368299999999999983e+01
-2.086399999999999810e+00
2.141199999999999903e+01
1.927599999999999980e+01
2.995700000000000074e+01
7.984399999999999942e+00
-6.053700000000000081e+00
-2.466900000000000048e+01
-3.718200000000000216e+01
-2.802599999999999980e+01
-1.276800000000000068e+01
7.068900000000000183e+00
1.347799999999999976e+01
2.568499999999999872e+01
3.056700000000000017e+01
1.042600000000000016e+01
-8.800300000000000011e+00
-2.161799999999999855e+01
-3.992799999999999727e+01
-2.863700000000000045e+01
-2.009199999999999875e+01
1.103599999999999959e+01
1.714000000000000057e+01
2.354799999999999827e+01
2.568499999999999872e+01
1.195199999999999996e+01
3.101599999999999913e+00
-2.344900000000000162e+01
-3.474000000000000199e+01
-2.161799999999999855e+01
-2.009199999999999875e+01
3.549900000000000277e-01
2.537900000000000134e+01
1.835999999999999943e+01
2.324299999999999855e+01
1.744500000000000028e+01
-4.222699999999999676e+00
-1.795599999999999952e+01
-4.633700000000000330e+01
-1.673499999999999943e+01
-1.764999999999999858e+01
3.101599999999999913e+00
1.652899999999999991e+01
2.141199999999999903e+01
2.476899999999999835e+01
5.848099999999999632e+00
-5.138200000000000323e+00
-2.772100000000000009e+01
-4.206400000000000006e+01
-2.680600000000000094e+01
-1.795599999999999952e+01
2.491200000000000081e+00
2.293799999999999883e+01
1.622400000000000020e+01
2.843100000000000094e+01
7.984399999999999942e+00
-7.274399999999999977e+00
-1.978699999999999903e+01
-3.229899999999999949e+01
-3.382500000000000284e+01
-5.443399999999999572e+00
4.627399999999999736e+00
1.561400000000000077e+01
1.835999999999999943e+01
2.568499999999999872e+01
1.286700000000000088e+01
-3.612299999999999844e+00
-1.734499999999999886e+01
-4.053900000000000148e+01
-2.436400000000000077e+01
-1.337800000000000011e+01
8.899900000000000588e+00
1.988599999999999923e+01
2.598999999999999844e+01
2.446399999999999864e+01
1.835999999999999943e+01
-4.527800000000000047e+00
-2.222800000000000153e+01
-3.413000000000000256e+01
-2.283800000000000097e+01
-1.459900000000000020e+01
1.270499999999999963e+00
2.293799999999999883e+01
1.683399999999999963e+01
2.782100000000000151e+01
1.164600000000000080e+01
-9.410600000000000520e+00
-1.826099999999999923e+01
-4.267499999999999716e+01
-3.413000000000000256e+01
-1.429299999999999926e+01
7.373999999999999666e+00
1.622400000000000020e+01
2.171699999999999875e+01
2.995700000000000074e+01
8.289600000000000080e+00
-1.124200000000000088e+01
-2.222800000000000153e+01
-3.840200000000000102e+01
-3.046799999999999997e+01
-9.715799999999999770e+00
-1.170900000000000052e+00
1.775000000000000000e+01
1.561400000000000077e+01
2.446399999999999864e+01
1.652899999999999991e+01
-7.884800000000000253e+00
-2.955199999999999960e+01
-4.359000000000000341e+01
-2.833200000000000074e+01
-1.337800000000000011e+01
-2.553699999999999859e-01
1.652899999999999991e+01
2.751599999999999824e+01
3.148300000000000054e+01
1.256199999999999939e+01
-6.053700000000000081e+00
-1.642999999999999972e+01
-3.474000000000000199e+01
-3.107799999999999940e+01
-7.274399999999999977e+00
1.073099999999999987e+01
2.019099999999999895e+01
2.049699999999999989e+01
2.080199999999999960e+01
9.815400000000000347e+00
-1.429299999999999926e+01
-2.833200000000000074e+01
-3.199399999999999977e+01
-2.528000000000000114e+01
-1.795599999999999952e+01
4.017100000000000115e+00
1.591900000000000048e+01
2.415899999999999892e+01
3.087300000000000111e+01
9.205099999999999838e+00
-8.189899999999999736e+00
-2.558500000000000085e+01
-3.168799999999999883e+01
-2.314399999999999835e+01
-1.154700000000000060e+01
2.491200000000000081e+00
2.873600000000000065e+01
1.683399999999999963e+01
2.141199999999999903e+01
1.195199999999999996e+01
-1.124200000000000088e+01
-2.711100000000000065e+01
-3.596099999999999852e+01
-2.863700000000000045e+01
-1.764999999999999858e+01
-2.553699999999999859e-01
2.629500000000000171e+01
2.507400000000000162e+01
2.141199999999999903e+01
1.408799999999999919e+01
-8.800300000000000011e+00
-2.100700000000000145e+01
-3.138299999999999912e+01
-3.443500000000000227e+01
-1.398799999999999955e+01
2.796400000000000219e+00
2.568499999999999872e+01
2.934700000000000131e+01
2.629500000000000171e+01
1.439300000000000068e+01
-4.222699999999999676e+00
-2.253300000000000125e+01
-3.382500000000000284e+01
-3.779200000000000159e+01
-1.581900000000000084e+01
7.373999999999999666e+00
1.866600000000000037e+01
2.415899999999999892e+01
2.354799999999999827e+01
1.042600000000000016e+01
-8.189899999999999736e+00
-2.680600000000000094e+01
-3.687599999999999767e+01
-2.436400000000000077e+01
-7.274399999999999977e+00
-3.307100000000000151e+00
1.958099999999999952e+01
1.866600000000000037e+01
2.721000000000000085e+01
5.848099999999999632e+00
-5.138200000000000323e+00
-2.650000000000000000e+01
-3.382500000000000284e+01
-2.100700000000000145e+01
-1.642999999999999972e+01
4.627399999999999736e+00
1.775000000000000000e+01
2.232799999999999940e+01
2.934700000000000131e+01
1.073099999999999987e+01
-9.105499999999999261e+00
-2.741600000000000037e+01
-3.901299999999999812e+01
-2.100700000000000145e+01
-1.063100000000000023e+01
-2.696800000000000086e+00
2.690500000000000114e+01
2.385399999999999920e+01
2.171699999999999875e+01
1.530899999999999928e+01
-7.884800000000000253e+00
-2.711100000000000065e+01
-3.290899999999999892e+01
-2.100700000000000145e+01
-1.978699999999999903e+01
1.880900000000000016e+00
2.263299999999999912e+01
2.293799999999999883e+01
2.171699999999999875e+01
1.652899999999999991e+01
-1.032600000000000051e+01
-3.016300000000000026e+01
-3.413000000000000256e+01
-2.833200000000000074e+01
-1.887099999999999866e+01
1.270499999999999963e+00
2.507400000000000162e+01
1.378299999999999947e+01
2.476899999999999835e+01
1.347799999999999976e+01
-1.002100000000000080e+01
-3.168799999999999883e+01
-3.504500000000000171e+01
-2.955199999999999960e+01
-1.459900000000000020e+01
7.068900000000000183e+00
1.439300000000000068e+01
1.775000000000000000e+01
3.056700000000000017e+01
1.256199999999999939e+01
-5.138200000000000323e+00
-2.589000000000000057e+01
-3.290899999999999892e+01
-3.229899999999999949e+01
-1.246199999999999974e+01
6.763700000000000045e+00
1.714000000000000057e+01
2.141199999999999903e+01
1.591900000000000048e+01
2.110699999999999932e+01
-5.138200000000000323e+00
-2.680600000000000094e+01
-4.359000000000000341e+01
-2.497500000000000142e+01
-3.917499999999999982e+00
4.932599999999999874e+00
1.164600000000000080e+01
2.446399999999999864e+01
2.385399999999999920e+01
1.103599999999999959e+01
-5.605400000000000382e-01
-3.046799999999999997e+01
-3.718200000000000216e+01
-2.650000000000000000e+01
-1.734499999999999886e+01
3.406699999999999839e+00
2.660000000000000142e+01
1.622400000000000020e+01
2.934700000000000131e+01
1.439300000000000068e+01
-8.495100000000000762e+00
-2.253300000000000125e+01
-3.352000000000000313e+01
-3.290899999999999892e+01
-1.124200000000000088e+01
3.549900000000000277e-01
2.507400000000000162e+01
2.385399999999999920e+01
1.988599999999999923e+01
2.019099999999999895e+01
-7.579600000000000115e+00
-1.978699999999999903e+01
-3.168799999999999883e+01
-3.229899999999999949e+01
-9.410600000000000520e+00
7.373999999999999666e+00
2.232799999999999940e+01
2.110699999999999932e+01
3.331400000000000006e+01
1.408799999999999919e+01
-3.001900000000000013e+00
-2.009199999999999875e+01
-3.809700000000000131e+01
-3.413000000000000256e+01
-1.520899999999999963e+01
5.237800000000000011e+00
1.744500000000000028e+01
2.751599999999999824e+01
2.354799999999999827e+01
2.171699999999999875e+01
-8.189899999999999736e+00
-2.802599999999999980e+01
-3.046799999999999997e+01
-2.283800000000000097e+01
-8.800300000000000011e+00
1.164600000000000080e+01
2.385399999999999920e+01
2.110699999999999932e+01
2.782100000000000151e+01
1.164600000000000080e+01
-4.833000000000000185e+00
-1.917599999999999838e+01
-2.955199999999999960e+01
-3.138299999999999912e+01
-1.734499999999999886e+01
2.796400000000000219e+00
2.141199999999999903e+01
2.110699999999999932e+01
2.080199999999999960e+01
1.378299999999999947e+01
-1.063100000000000023e+01
-2.863700000000000045e+01
-3.809700000000000131e+01
-3.413000000000000256e+01
-2.039699999999999847e+01
1.012100000000000044e+01
1.958099999999999952e+01
1.866600000000000037e+01
2.873600000000000065e+01
6.763700000000000045e+00
-5.443399999999999572e+00
-2.344900000000000162e+01
-4.267499999999999716e+01
-2.680600000000000094e+01
-5.138200000000000323e+00
9.653399999999999759e-01
2.171699999999999875e+01
1.469800000000000040e+01
2.568499999999999872e+01
1.622400000000000020e+01
-1.781199999999999894e+00
-1.978699999999999903e+01
-4.053900000000000148e+01
-1.917599999999999838e+01
-2.131200000000000117e+01
7.373999999999999666e+00
2.598999999999999844e+01
2.446399999999999864e+01
2.751599999999999824e+01
5.848099999999999632e+00
-8.495100000000000762e+00
-2.497500000000000142e+01
-3.046799999999999997e+01
-2.131200000000000117e+01
-1.978699999999999903e+01
4.017100000000000115e+00
1.958099999999999952e+01
2.232799999999999940e+01
2.476899999999999835e+01
9.510300000000000864e+00
-9.715799999999999770e+00
-2.466900000000000048e+01
-3.229899999999999949e+01
-3.290899999999999892e+01
-8.189899999999999736e+00
3.101599999999999913e+00
1.439300000000000068e+01
2.507400000000000162e+01
3.239800000000000324e+01
6.458499999999999908e+00
-2.553699999999999859e-01
-2.863700000000000045e+01
-4.114900000000000091e+01
-2.192299999999999827e+01
-1.978699999999999903e+01
4.932599999999999874e+00
2.263299999999999912e+01
1.775000000000000000e+01
2.476899999999999835e+01
1.195199999999999996e+01
-7.579600000000000115e+00
-2.619500000000000028e+01
-2.680600000000000094e+01
-2.741600000000000037e+01
-2.100700000000000145e+01
1.103599999999999959e+01
1.835999999999999943e+01
1.591900000000000048e+01
2.965200000000000102e+01
6.763700000000000045e+00
2.491200000000000081e+00
-2.680600000000000094e+01
-3.901299999999999812e+01
-2.772100000000000009e+01
-1.368299999999999983e+01
7.068900000000000183e+00
2.202199999999999847e+01
2.354799999999999827e+01
2.324299999999999855e+01
1.073099999999999987e+01
-1.032600000000000051e+01
-2.711100000000000065e+01
-4.511599999999999966e+01
-2.314399999999999835e+01
-9.715799999999999770e+00
4.981000000000000011e-02
2.507400000000000162e+01
2.660000000000000142e+01
2.537900000000000134e+01
1.195199999999999996e+01
-8.189899999999999736e+00
-2.192299999999999827e+01
-3.565599999999999881e+01
-2.009199999999999875e+01
-8.800300000000000011e+00
1.575700000000000101e+00
1.958099999999999952e+01
2.293799999999999883e+01
2.629500000000000171e+01
6.458499999999999908e+00
-1.032600000000000051e+01
-2.436400000000000077e+01
-3.077299999999999969e+01
-3.260399999999999920e+01
-1.459900000000000020e+01
8.899900000000000588e+00
1.897100000000000009e+01
2.263299999999999912e+01
2.690500000000000114e+01
5.543000000000000149e+00
-5.748499999999999943e+00
-1.856599999999999895e+01
-3.931799999999999784e+01
-3.107799999999999940e+01
-1.307300000000000040e+01
6.601599999999999691e-01
2.141199999999999903e+01
2.568499999999999872e+01
2.812600000000000122e+01
5.848099999999999632e+00
-4.833000000000000185e+00
-2.009199999999999875e+01
-4.725200000000000244e+01
-2.741600000000000037e+01
-7.579600000000000115e+00
2.185999999999999943e+00
1.775000000000000000e+01
2.660000000000000142e+01
2.415899999999999892e+01
1.622400000000000020e+01
-8.495100000000000762e+00
-1.734499999999999886e+01
-3.809700000000000131e+01
-2.650000000000000000e+01
-6.053700000000000081e+00
4.322300000000000253e+00
2.690500000000000114e+01
1.439300000000000068e+01
2.476899999999999835e+01
1.225699999999999967e+01
-1.170900000000000052e+00
-2.985699999999999932e+01
-3.626599999999999824e+01
-2.924699999999999989e+01
-4.527800000000000047e+00
3.711899999999999977e+00
1.927599999999999980e+01
2.324299999999999855e+01
2.202199999999999847e+01
2.171699999999999875e+01
-5.748499999999999943e+00
-2.833200000000000074e+01
-3.535099999999999909e+01
-2.161799999999999855e+01
-6.053700000000000081e+00
4.627399999999999736e+00
1.225699999999999967e+01
2.293799999999999883e+01
2.110699999999999932e+01
1.775000000000000000e+01
-4.527800000000000047e+00
-2.528000000000000114e+01
-3.565599999999999881e+01
-2.192299999999999827e+01
-2.009199999999999875e+01
6.458499999999999908e+00
1.591900000000000048e+01
1.775000000000000000e+01
2.293799999999999883e+01
1.042600000000000016e+01
-3.001900000000000013e+00
-2.466900000000000048e+01
-3.474000000000000199e+01
-3.229899999999999949e+01
-1.246199999999999974e+01
8.594699999999999562e+00
1.408799999999999919e+01
2.598999999999999844e+01
2.690500000000000114e+01
9.205099999999999838e+00
-6.358900000000000219e+00
-2.589000000000000057e+01
-4.297999999999999687e+01
-2.833200000000000074e+01
-1.581900000000000084e+01
1.880900000000000016e+00
2.080199999999999960e+01
1.378299999999999947e+01
2.782100000000000151e+01
1.286700000000000088e+01
-5.138200000000000323e+00
-2.131200000000000117e+01
-4.267499999999999716e+01
-2.405900000000000105e+01
-1.276800000000000068e+01
4.017100000000000115e+00
2.202199999999999847e+01
2.141199999999999903e+01
2.843100000000000094e+01
1.469800000000000040e+01
-1.154700000000000060e+01
-1.490399999999999991e+01
-4.389600000000000080e+01
-2.741600000000000037e+01
-1.581900000000000084e+01
7.373999999999999666e+00
2.141199999999999903e+01
1.866600000000000037e+01
2.415899999999999892e+01
1.286700000000000088e+01
-2.086399999999999810e+00
-2.680600000000000094e+01
-4.297999999999999687e+01
-2.863700000000000045e+01
-8.800300000000000011e+00
4.981000000000000011e-02
2.660000000000000142e+01
2.660000000000000142e+01
2.507400000000000162e+01
1.103599999999999959e+01
-9.105499999999999261e+00
-1.978699999999999903e+01
-3.901299999999999812e+01
-2.894200000000000017e+01
-7.884800000000000253e+00
6.601599999999999691e-01
1.530899999999999928e+01
2.721000000000000085e+01
2.171699999999999875e+01
1.530899999999999928e+01
-3.001900000000000013e+00
-2.314399999999999835e+01
-3.779200000000000159e+01
-3.016300000000000026e+01
-1.795599999999999952e+01
4.322300000000000253e+00
2.629500000000000171e+01
1.652899999999999991e+01
2.476899999999999835e+01
1.286700000000000088e+01
-1.398799999999999955e+01
-2.070200000000000173e+01
-4.267499999999999716e+01
-2.528000000000000114e+01
-1.490399999999999991e+01
1.103599999999999959e+01
2.232799999999999940e+01
2.263299999999999912e+01
3.270400000000000063e+01
1.195199999999999996e+01
-9.410600000000000520e+00
-1.581900000000000084e+01
-4.481099999999999994e+01
-2.772100000000000009e+01
-1.368299999999999983e+01
9.510300000000000864e+00
1.683399999999999963e+01
2.415899999999999892e+01
2.843100000000000094e+01
1.652899999999999991e+01
-6.969199999999999839e+00
-2.314399999999999835e+01
-3.321399999999999864e+01
-3.138299999999999912e+01
-1.781199999999999894e+00
2.796400000000000219e+00
1.805499999999999972e+01
2.263299999999999912e+01
2.141199999999999903e+01
1.103599999999999959e+01
6.601599999999999691e-01
-2.222800000000000153e+01
-3.443500000000000227e+01
-2.558500000000000085e+01
-6.969199999999999839e+00
-1.170900000000000052e+00
1.439300000000000068e+01
2.843100000000000094e+01
1.866600000000000037e+01
1.500300000000000011e+01
-2.696800000000000086e+00
-1.856599999999999895e+01
-3.962299999999999756e+01
-2.772100000000000009e+01
-8.800300000000000011e+00
5.543000000000000149e+00
2.965200000000000102e+01
1.561400000000000077e+01
2.537900000000000134e+01
1.195199999999999996e+01
-9.715799999999999770e+00
-3.199399999999999977e+01
-3.626599999999999824e+01
-2.344900000000000162e+01
-1.520899999999999963e+01
1.378299999999999947e+01
2.232799999999999940e+01
2.446399999999999864e+01
3.148300000000000054e+01
1.408799999999999919e+01
1.270499999999999963e+00
-2.314399999999999835e+01
-3.413000000000000256e+01
-2.741600000000000037e+01
-1.063100000000000023e+01
9.205099999999999838e+00
1.866600000000000037e+01
2.843100000000000094e+01
2.080199999999999960e+01
9.510300000000000864e+00
-1.002100000000000080e+01
-2.405900000000000105e+01
-3.443500000000000227e+01
-2.772100000000000009e+01
-1.887099999999999866e+01
4.932599999999999874e+00
2.721000000000000085e+01
2.324299999999999855e+01
2.873600000000000065e+01
1.805499999999999972e+01
-2.086399999999999810e+00
-2.314399999999999835e+01
-4.481099999999999994e+01
-2.802599999999999980e+01
-1.673499999999999943e+01
1.408799999999999919e+01
1.988599999999999923e+01
2.690500000000000114e+01
2.354799999999999827e+01
1.622400000000000020e+01
-6.358900000000000219e+00
-2.405900000000000105e+01
-3.046799999999999997e+01
-2.680600000000000094e+01
-5.443399999999999572e+00
3.101599999999999913e+00
2.141199999999999903e+01
1.744500000000000028e+01
2.751599999999999824e+01
7.068900000000000183e+00
-4.833000000000000185e+00
-2.253300000000000125e+01
-3.290899999999999892e+01
-2.131200000000000117e+01
-1.887099999999999866e+01
7.984399999999999942e+00
2.263299999999999912e+01
2.232799999999999940e+01
2.629500000000000171e+01
9.510300000000000864e+00
-6.358900000000000219e+00
-2.283800000000000097e+01
-3.596099999999999852e+01
-2.680600000000000094e+01
-1.063100000000000023e+01
3.549900000000000277e-01
2.171699999999999875e+01
1.866600000000000037e+01
2.660000000000000142e+01
7.679199999999999804e+00
-7.579600000000000115e+00
-1.887099999999999866e+01
-4.206400000000000006e+01
-2.497500000000000142e+01
-2.192299999999999827e+01
1.225699999999999967e+01
2.354799999999999827e+01
2.598999999999999844e+01
2.690500000000000114e+01
1.317200000000000060e+01
-4.527800000000000047e+00
-2.405900000000000105e+01
-3.077299999999999969e+01
-2.924699999999999989e+01
-1.703999999999999915e+01
9.510300000000000864e+00
2.629500000000000171e+01
1.775000000000000000e+01
3.178800000000000026e+01
1.042600000000000016e+01
-6.358900000000000219e+00
-1.490399999999999991e+01
-3.870799999999999841e+01
-2.375400000000000134e+01
-7.579600000000000115e+00
-2.553699999999999859e-01
1.622400000000000020e+01
1.958099999999999952e+01
2.965200000000000102e+01
4.932599999999999874e+00
1.575700000000000101e+00
-2.375400000000000134e+01
-4.511599999999999966e+01
-2.985699999999999932e+01
-1.978699999999999903e+01
8.289600000000000080e+00
1.714000000000000057e+01
2.232799999999999940e+01
2.110699999999999932e+01
1.042600000000000016e+01
-1.398799999999999955e+01
-2.100700000000000145e+01
-3.413000000000000256e+01
-2.711100000000000065e+01
-8.189899999999999736e+00
6.763700000000000045e+00
1.988599999999999923e+01
1.927599999999999980e+01
2.446399999999999864e+01
1.805499999999999972e+01
-1.063100000000000023e+01
-2.100700000000000145e+01
-4.633700000000000330e+01
-2.619500000000000028e+01
-1.063100000000000023e+01
1.439300000000000068e+01
2.080199999999999960e+01
2.354799999999999827e+01
3.270400000000000063e+01
1.744500000000000028e+01
-6.664100000000000357e+00
-3.260399999999999920e+01
-3.931799999999999784e+01
-2.405900000000000105e+01
-1.551399999999999935e+01
4.322300000000000253e+00
1.897100000000000009e+01
2.324299999999999855e+01
1.805499999999999972e+01
9.205099999999999838e+00
-8.189899999999999736e+00
-3.046799999999999997e+01
-3.443500000000000227e+01
-3.138299999999999912e+01
-5.138200000000000323e+00
2.796400000000000219e+00
2.476899999999999835e+01
1.591900000000000048e+01
1.958099999999999952e+01
5.848099999999999632e+00
-6.969199999999999839e+00
-1.764999999999999858e+01
-3.321399999999999864e+01
-2.375400000000000134e+01
-9.715799999999999770e+00
4.017100000000000115e+00
1.195199999999999996e+01
2.354799999999999827e+01
2.537900000000000134e+01
8.594699999999999562e+00
-5.443399999999999572e+00
-2.436400000000000077e+01
-3.840200000000000102e+01
-2.100700000000000145e+01
-2.039699999999999847e+01
9.205099999999999838e+00
2.263299999999999912e+01
1.317200000000000060e+01
2.446399999999999864e+01
5.848099999999999632e+00
-2.086399999999999810e+00
-2.711100000000000065e+01
-3.870799999999999841e+01
-3.077299999999999969e+01
-8.495100000000000762e+00
8.899900000000000588e+00
2.171699999999999875e+01
2.598999999999999844e+01
1.866600000000000037e+01
9.510300000000000864e+00
-4.833000000000000185e+00
-2.497500000000000142e+01
-3.321399999999999864e+01
-2.558500000000000085e+01
-8.800300000000000011e+00
-4.222699999999999676e+00
2.476899999999999835e+01
2.324299999999999855e+01
2.110699999999999932e+01
1.042600000000000016e+01
-1.476099999999999968e+00
-1.978699999999999903e+01
-3.779200000000000159e+01
-1.734499999999999886e+01
-1.612500000000000000e+01
1.880900000000000016e+00
2.293799999999999883e+01
2.293799999999999883e+01
1.927599999999999980e+01
1.652899999999999991e+01
-1.170900000000000052e+00
-2.558500000000000085e+01
-3.870799999999999841e+01
-2.589000000000000057e+01
-1.490399999999999991e+01
9.653399999999999759e-01
1.805499999999999972e+01
2.080199999999999960e+01
3.300900000000000034e+01
7.679199999999999804e+00
-3.612299999999999844e+00
-2.711100000000000065e+01
-3.748700000000000188e+01
-1.764999999999999858e+01
-2.222800000000000153e+01
7.068900000000000183e+00
1.591900000000000048e+01
1.866600000000000037e+01
2.507400000000000162e+01
1.439300000000000068e+01
-1.368299999999999983e+01
-2.985699999999999932e+01
-4.297999999999999687e+01
-2.558500000000000085e+01
-1.002100000000000080e+01
9.510300000000000864e+00
2.293799999999999883e+01
1.652899999999999991e+01
2.995700000000000074e+01
6.458499999999999908e+00
-3.001900000000000013e+00
-2.619500000000000028e+01
-3.229899999999999949e+01
-2.436400000000000077e+01
-1.887099999999999866e+01
3.549900000000000277e-01
2.232799999999999940e+01
2.110699999999999932e+01
2.293799999999999883e+01
1.591900000000000048e+01
-6.969199999999999839e+00
-3.016300000000000026e+01
-3.565599999999999881e+01
-1.856599999999999895e+01
-1.642999999999999972e+01
7.373999999999999666e+00
2.049699999999999989e+01
2.141199999999999903e+01
2.110699999999999932e+01
9.815400000000000347e+00
-8.189899999999999736e+00
-2.283800000000000097e+01
-2.955199999999999960e+01
-2.131200000000000117e+01
-1.612500000000000000e+01
1.012100000000000044e+01
1.958099999999999952e+01
2.141199999999999903e+01
2.660000000000000142e+01
1.714000000000000057e+01
-4.222699999999999676e+00
-2.497500000000000142e+01
-3.565599999999999881e+01
-2.650000000000000000e+01
-1.063100000000000023e+01
6.153299999999999770e+00
1.927599999999999980e+01
1.408799999999999919e+01
2.110699999999999932e+01
1.164600000000000080e+01
-1.063100000000000023e+01
-3.016300000000000026e+01
-3.565599999999999881e+01
-3.382500000000000284e+01
-1.215700000000000003e+01
4.017100000000000115e+00
2.019099999999999895e+01
1.714000000000000057e+01
2.843100000000000094e+01
1.195199999999999996e+01
-8.189899999999999736e+00
-2.650000000000000000e+01
-3.931799999999999784e+01
-2.711100000000000065e+01
-2.253300000000000125e+01
1.103599999999999959e+01
2.354799999999999827e+01
2.537900000000000134e+01
1.714000000000000057e+01
1.469800000000000040e+01
-5.138200000000000323e+00
-2.253300000000000125e+01
-3.168799999999999883e+01
-3.382500000000000284e+01
-1.002100000000000080e+01
4.932599999999999874e+00
1.591900000000000048e+01
2.080199999999999960e+01
