78.785
78.175
24.464
-25.89
-79.906
-99.743
-71.361
-28.637
26.905
72.682
87.94
65.052
21.107
-30.773
-74.108
-97.912
-72.277
-19.176
32.093
65.052
82.447
73.902
23.243
-26.195
-73.498
-94.86
-79.601
-21.007
32.704
60.169
85.499
65.663
22.938
-31.994
-80.822
-98.522
-76.549
-18.871
34.535
68.714
91.603
73.902
30.873
-33.214
-74.413
-98.522
-67.089
-27.721
30.262
74.818
81.532
69.325
17.75
-27.416
-79.296
-101.88
-73.803
-23.144
33.619
76.954
83.058
67.188
17.445
-28.332
-76.244
-97.301
-79.601
-27.416
31.178
65.357
85.499
69.935
23.243
-22.533
-77.16
-101.88
-68.92
-17.956
31.788
69.02
93.434
64.137
22.328
-25.28
-81.737
-100.96
-74.718
-28.332
33.314
71.766
84.278
66.273
19.581
-30.163
-83.263
-102.18
-71.361
-19.176
36.671
67.188
92.823
64.747
26.905
-39.013
-83.263
-91.808
-70.141
-14.293
33.314
76.039
80.006
59.559
23.548
-29.247
-82.958
-101.88
-73.803
-13.988
34.535
76.649
90.687
58.644
28.126
-35.961
-74.718
-101.88
-78.075
-17.65
26.905
76.344
83.058
70.24
19.276
-34.74
-81.432
-100.66
-76.549
-22.228
35.145
70.24
87.94
68.104
20.802
-30.163
-77.16
-98.522
-67.699
-21.007
32.398
72.376
91.908
67.494
13.783
-35.656
-80.822
-100.66
-68.92
-10.631
37.586
67.799
83.363
60.475
14.393
-33.52
-84.789
-99.743
-66.784
-18.261
32.093
72.376
79.09
71.156
20.191
-42.675
-78.686
-102.49
-66.479
-16.735
38.197
68.714
87.025
57.728
14.393
-31.688
-84.789
-96.386
-73.498
-21.923
37.586
70.545
90.077
63.526
16.224
-33.52
-80.822
-94.555
-70.446
-10.937
41.859
67.494
93.739
67.799
16.529
-35.656
-80.517
-92.724
-73.192
-10.021
36.366
76.039
90.077
66.273
20.191
-37.487
-89.672
-95.165
-67.394
-21.007
40.333
77.259
81.227
65.052
21.717
-35.045
-83.568
-100.96
-75.939
-18.871
43.08
72.071
80.311
67.799
14.088
-40.539
-83.874
-90.893
-68.004
-13.988
41.554
72.071
82.752
56.202
15.919
-43.285
-83.263
-100.35
-63.122
-9.7158
33.009
74.513
85.804
59.254
13.478
-40.233
-90.893
-100.35
-61.596
-13.683
45.216
68.104
89.466
69.02
18.666
-36.266
-79.296
-97.301
-61.291
-21.312
44.3
72.376
81.532
61.39
13.478
-42.064
-94.86
-98.522
-62.816
-16.43
37.281
78.175
88.246
59.559
14.393
-34.74
-83.874
-101.88
-61.596
-8.1899
40.028
70.545
80.921
58.338
11.646
-31.383
-83.263
-96.386
-66.784
-3.3071
37.586
71.461
84.584
62.306
15.309
-42.37
-80.822
-100.05
-69.835
-13.073
40.333
76.039
77.564
62.306
9.2051
-44.506
-85.094
-92.418
-70.141
-12.768
44.3
73.292
93.128
56.813
9.2051
-41.759
-90.893
-95.775
-68.004
-10.631
46.742
68.409
83.668
58.644
16.834
-37.182
-84.484
-100.05
-60.07
-12.157
45.826
75.733
84.889
63.832
8.2896
-46.032
-85.399
-96.691
-57.323
-14.293
51.014
79.701
84.889
69.02
15.614
-46.947
-96.386
-98.522
-64.037
-12.768
45.216
70.24
77.564
63.526
12.257
-50.304
-83.874
-91.808
-65.258
-15.819
44.3
81.837
86.109
65.357
8.5947
-37.792
-87.23
-96.691
-69.225
-11.242
43.08
71.156
79.09
54.981
12.257
-47.863
-82.042
-94.86
-61.291
-4.833
33.619
87.33
82.142
60.78
6.1533
-46.032
-89.062
-98.217
-64.037
-14.904
43.995
78.48
80.616
55.287
8.8999
-46.337
-87.841
-95.775
-64.342
-7.8848
47.962
87.025
81.227
55.897
7.374
-43.59
-89.672
-96.691
-55.797
-12.462
44.605
71.766
85.804
51.93
4.3223
-50.609
-93.029
-97.301
-67.699
-7.5796
37.892
83.363
84.889
61.695
9.5103
-47.252
-93.639
-99.438
-63.427
-5.7485
45.521
76.344
86.72
50.099
11.341
-51.83
-86.925
-98.827
-51.22
-10.021
41.859
83.058
85.499
58.644
13.478
-42.98
-86.315
-98.217
-58.849
-5.4434
51.93
75.733
81.532
63.221
0.35499
-50.609
-89.367
-89.062
-65.258
-2.3916
51.014
75.733
76.649
60.78
11.952
-51.83
-93.334
-90.282
-59.154
-6.9692
47.657
72.987
85.499
57.118
4.6274
-46.947
-88.451
-90.587
-54.271
-3.0019
51.625
81.227
87.635
54.371
1.8809
-50.304
-90.893
-92.113
-60.07
-5.4434
44.911
78.48
86.72
54.371
-1.1709
-41.149
-85.399
-94.555
-60.985
-6.3589
43.69
73.597
80.921
60.475
7.0689
-52.135
-86.925
-91.198
-55.797
1.8809
50.709
79.09
86.415
58.949
0.66016
-57.628
-96.386
-100.05
-56.713
-1.4761
52.845
81.837
81.532
53.15
0.35499
-46.032
-89.367
-89.977
-55.492
-0.56054
46.131
77.259
84.584
58.644
-1.4761
-48.778
-90.587
-92.724
-61.291
-0.56054
51.625
87.94
83.973
52.845
1.2705
-45.116
-97.912
-87.536
-53.661
-4.833
41.554
83.058
85.194
52.845
-1.4761
-54.271
-91.503
-94.86
-52.746
-4.2227
44.911
77.87
84.278
48.268
8.2896
-53.051
-92.113
-99.743
-46.337
0.96534
50.099
85.499
86.72
55.897
-2.0864
-55.187
-92.724
-96.691
-52.746
2.4912
47.657
80.616
84.889
51.93
2.4912
-56.103
-88.756
-96.386
-50.609
2.4912
45.826
78.48
86.415
44.605
0.66016
-55.187
-86.315
-93.639
-54.882
-1.1709
53.456
83.363
77.87
48.878
-1.7812
-54.882
-94.555
-92.724
-63.427
7.6792
44.3
83.058
79.701
56.202
4.6274
-59.765
-97.912
-98.522
-51.83
-4.2227
45.521
80.006
83.058
55.287
-0.56054
-56.713
-87.536
-99.132
-54.882
2.186
54.066
77.259
81.227
45.826
-7.5796
-60.985
-89.062
-94.86
-57.018
3.7119
60.78
77.564
77.564
47.047
-4.833
-57.934
-86.925
-98.827
-44.811
3.7119
55.592
87.025
86.415
46.131
-7.5796
-57.018
-93.944
-94.25
-56.713
1.5757
41.249
85.194
78.785
52.54
-9.1055
-54.882
-92.724
-95.165
-46.947
3.1016
52.54
78.175
84.278
52.54
0.96534
-58.544
-98.522
-97.912
-51.525
-0.86572
60.169
83.668
81.227
50.099
-2.0864
-50.609
-93.334
-89.367
-47.863
5.2378
60.169
78.48
74.818
49.183
-1.1709
-58.849
-88.756
-93.944
-48.473
1.2705
57.118
85.499
80.921
48.268
-2.6968
-51.83
-98.827
-96.691
-49.389
1.8809
57.728
83.668
89.161
47.657
1.2705
-57.934
-96.386
-84.789
-56.408
8.5947
54.676
79.701
86.72
45.826
0.35499
-60.07
-88.756
-87.23
-52.44
7.6792
59.559
82.752
90.077
46.131
-10.021
-59.459
-89.367
-92.418
-51.22
8.8999
55.592
79.396
79.701
43.69
-8.8003
-54.882
-100.05
-86.315
-49.083
9.8154
61.085
81.532
75.428
51.93
-10.021
-58.544
-89.672
-93.334
-44.506
9.8154
53.761
88.856
82.447
47.047
-13.988
-63.427
-86.315
-92.418
-51.22
6.7637
55.287
89.161
78.48
51.319
-10.326
-62.511
-94.25
-96.386
-49.999
9.8154
50.099
84.889
75.428
48.878
-4.5278
-63.122
-94.25
-93.334
-43.59
8.2896
55.897
90.077
77.564
38.502
-6.6641
-56.408
-88.146
-84.484
-47.558
15.614
58.644
80.616
82.752
44.911
-17.345
-57.628
-94.555
-91.198
-40.233
15.003
56.202
84.584
82.142
46.131
-13.988
-59.765
-89.062
-82.958
-49.083
12.867
62.611
76.649
82.752
43.385
-5.4434
-64.647
-95.165
-79.906
-42.98
11.646
61.39
77.87
83.058
44.605
-11.852
-59.765
-96.996
-90.893
-42.98
11.036
54.676
86.109
75.733
44.3
-5.7485
-61.901
-101.88
-82.348
-44.506
8.2896
53.456
85.194
73.597
43.385
-13.378
-61.596
-99.743
-82.042
-47.558
14.393
58.644
83.668
84.278
37.586
-13.683
-60.985
-97.606
-80.517
-44.811
13.172
62.611
78.785
83.973
38.197
-6.9692
-68.004
-93.334
-82.042
-49.694
16.224
54.981
90.687
78.785
39.417
-12.157
-57.934
-99.438
-86.925
-35.961
14.698
54.371
78.785
71.766
41.249
-16.43
-62.511
-95.47
-84.484
-37.792
9.8154
65.663
76.344
83.973
38.502
-10.937
-65.258
-97.912
-81.127
-45.116
11.036
54.981
86.415
82.142
39.112
-13.073
-64.647
-96.691
-87.23
-44.506
14.088
61.695
81.837
76.649
40.943
-6.3589
-65.563
-101.27
-89.367
-36.571
12.867
64.442
88.246
79.09
44.605
-20.397
-60.07
-93.334
-86.62
-48.473
15.614
58.644
82.142
75.733
45.521
-6.6641
-66.479
-105.54
-86.01
-40.233
19.581
55.592
78.785
76.649
47.962
-10.937
-67.089
-95.165
-90.893
-30.468
17.445
55.897
91.908
82.447
46.131
-16.735
-67.394
-92.113
-82.653
-39.318
15.614
58.644
87.94
72.987
30.567
-13.988
-62.816
-93.029
-87.841
-35.351
15.919
58.949
81.837
79.701
34.23
-18.871
-64.342
-91.503
-90.587
-40.844
22.633
58.338
91.297
69.325
46.131
-17.04
-68.92
-98.827
-89.367
-40.539
18.055
69.63
82.752
71.156
37.281
-23.449
-61.901
-92.724
-82.348
-37.487
22.938
61.695
80.616
77.259
31.178
-22.228
-67.394
-100.96
-79.906
-33.825
16.529
64.442
81.227
78.48
41.859
-18.871
-74.413
-96.691
-82.653
-38.708
26.295
63.526
91.603
71.461
36.061
-18.566
-72.887
-98.217
-87.841
-35.351
15.919
69.02
82.142
77.259
30.262
-16.43
-71.361
-100.66
-84.484
-36.571
22.938
56.813
82.142
69.63
35.45
-20.702
-64.037
-99.743
-83.263
-33.214
15.309
55.287
86.415
72.987
31.178
-16.735
-76.854
-101.27
-84.179
-35.351
25.99
68.104
80.616
74.208
33.009
-23.449
-71.667
-98.522
-78.075
-37.487
24.769
60.78
86.109
68.104
33.619
-17.04
-70.446
-103.4
-84.179
-31.994
15.003
71.461
79.09
81.227
38.807
-24.364
-74.718
-94.86
-91.808
-26.195
17.14
61.39
79.396
75.123
42.774
-22.838
-68.31
-97.912
-79.296
-40.233
21.107
64.442
88.246
77.564
33.619
-28.942
-73.192
-93.944
-81.432
-29.247
25.99
61.695
86.109
78.175
30.567
-19.176
-71.972
-105.54
-77.77
-26.195
19.886
61.39
81.227
77.259
30.567
-22.228
-69.53
-103.1
-85.705
-35.961
25.074
63.221
85.499
71.156
26.905
-20.702
-78.38
-95.47
-77.465
-26.195
25.074
60.78
85.499
63.832
36.671
-19.481
-73.192
-95.47
-82.348
-30.773
23.854
65.968
93.739
74.208
27.516
-22.228
-75.939
-104.02
-74.413
-28.942
30.873
67.799
78.785
78.785
34.23
-18.261
-68.92
-95.775
-84.789
-29.552
24.159
68.104
87.33
70.851
28.431
-28.026
-76.854
-92.724
-77.77
-27.721
22.938
63.832
90.992
75.123
33.314
-26.195
-64.342
-98.522
-76.244
-28.637
20.497
78.175
80.921
70.545
32.704
-22.533
-69.225
-101.57
-81.432
-28.026
28.431
70.851
81.837
67.494
34.84
-20.397
-71.972
-97.301
-75.023
-28.332
27.21
75.123
88.856
73.597
25.379
-26.5
-69.225
-100.66
-78.686
-22.838
33.314
68.409
76.954
71.766
30.567
-22.533
-75.939
-98.522
-78.38
-28.637
29.957
64.442
83.668
71.156
28.431
-29.857
-76.244
-100.96
-70.751
-26.195
31.483
72.682
87.33
66.578
25.074
-22.533
-86.01
-97.301
-72.582
-26.195
29.957
71.461
87.94
68.104
25.379
-36.266
-80.822
-94.25
-78.38
-23.754
31.178
70.545
87.635
73.597
30.873
-25.89
-85.094
-96.386
-78.38
-20.702
29.347
77.564
87.94
62
24.769
-24.975
-75.634
-102.49
-82.958
-24.059
31.178
66.273
89.771
73.597
27.21
-28.942
-81.127
-96.691
-68.31
-20.702
30.567
69.02
87.94
65.663
29.347
-28.026
-84.789
-91.808
-79.906
-20.702
23.854
70.24
86.415
69.325
22.022
-24.975
-77.465
-104.32
-77.465
-24.669
31.178
70.851
85.499
75.733
26.905
-28.637
-78.686
-105.54
-77.77
-26.806
33.924
76.039
92.518
64.747
25.685
-31.078
-82.042
-101.57
-79.296
-16.43
34.535
76.954
89.771
69.02
21.717
-27.416
-82.958
-92.418
-78.075
-24.059
35.145
72.987
80.921
69.935
25.685
-35.961
-79.296
-92.418
-76.549
-19.787
36.976
63.832
89.771
67.494
23.243
-28.332
-82.958
-98.522
-80.822
-21.618
39.112
76.344
90.077
66.578
15.309
-35.656
-75.023
-96.386
-73.498
-21.007
24.769
75.123
93.739
66.883
28.431
-35.961
-82.348
-98.522
-71.667
-17.345
31.178
70.24
83.973
67.188
21.107
-28.637
-83.263
-104.93
-65.868
-22.838
36.366
72.376
83.973
60.78
15.919
-35.961
-80.517
-94.555
-66.173
-20.397
39.112
68.409
85.804
64.442
30.262
-34.435
-82.958
-103.1
-73.803
-17.65
31.483
74.208
84.889
65.663
17.14
-35.961
-82.042
-96.081
-76.854
-9.1055
36.976
76.344
85.194
63.526
23.854
-36.571
-83.568
-90.282
-76.549
-22.838
31.483
68.409
83.363
61.085
22.022
-30.773
-82.348
-105.54
-71.361
-18.566
38.807
73.292
87.635
62.916
18.971
-43.285
-79.601
-94.555
-71.972
-23.754
31.178
70.851
85.499
68.104
19.276
-38.708
-78.075
-98.522
-62.511
-17.04
38.502
75.428
80.616
68.714
19.886
-35.351
-81.737
-95.47
-73.498
-24.059
32.704
74.513
80.616
62
21.717
-37.182
-85.705
-100.96
-63.427
-20.092
40.028
78.785
82.752
62.611
11.952
-41.759
-80.822
-101.57
-69.225
-12.157
43.08
76.039
80.006
59.864
14.088
-28.942
-82.042
-97.606
-72.277
-11.852
34.84
80.006
87.94
59.559
17.75
-40.539
-80.822
-91.198
-67.699
-13.073
46.742
71.156
86.415
64.442
16.834
-41.454
-80.211
-97.606
-63.732
-8.1899
37.586
83.363
82.142
65.052
14.393
-44.506
-81.127
-100.05
-63.427
-13.073
35.45
83.363
86.415
63.221
19.581
-49.999
-82.958
-96.691
-68.615
-6.6641
40.333
84.278
83.973
65.968
10.121
-39.013
-86.01
-98.522
-58.849
-17.04
41.249
72.682
83.058
70.24
19.276
-34.74
-90.587
-100.96
-70.141
-9.1055
43.69
70.24
83.058
64.442
14.393
-47.252
-78.686
-92.724
-64.342
-11.242
35.45
80.311
81.532
64.442
18.055
-43.896
-91.198
-91.503
-67.699
-12.768
48.268
73.902
87.33
58.033
13.172
-45.116
-78.38
-100.35
-61.901
-12.768
35.145
75.733
87.025
63.526
11.952
-34.74
-89.062
-96.996
-62.511
-2.6968
42.164
73.902
92.213
59.864
14.088
-51.22
-82.348
-91.198
-68.92
-15.209
40.638
78.785
81.837
60.475
21.107
-48.473
-88.146
-91.808
-67.089
-10.631
44.605
74.208
84.584
62.916
12.867
-50.304
-90.587
-100.05
-71.972
-8.4951
45.826
72.071
83.668
59.559
7.0689
-35.961
-88.146
-99.132
-59.765
-5.4434
43.69
82.752
84.584
60.169
18.971
-43.59
-87.23
-98.217
-71.667
-7.2744
47.962
83.363
84.584
62
13.172
-41.759
-87.841
-103.4
-56.713
-6.0537
49.488
72.682
88.246
65.968
8.5947
-48.168
-84.179
-102.18
-61.291
-7.5796
47.047
80.006
79.396
50.709
5.8481
-46.947
-82.653
-100.35
-66.173
-6.3589
43.08
86.109
82.752
58.033
3.7119
-48.473
-89.977
-94.86
-66.173
-8.4951
37.892
77.259
84.584
56.507
4.9326
-48.473
-86.01
-103.1
-54.271
-11.852
44.911
78.785
75.123
60.169
11.341
-46.642
-90.282
-94.555
-58.239
-6.0537
47.047
70.24
86.109
57.728
6.1533
-51.83
-89.062
-89.672
-59.154
-2.0864
40.333
80.311
80.311
51.625
9.2051
-47.863
-89.062
-96.996
-60.985
-0.86572
52.54
76.954
83.668
55.897
13.172
-55.797
-89.062
-93.639
-57.628
4.0171
48.268
76.649
82.142
58.033
4.6274
-45.116
-89.367
-93.029
-61.596
5.8481
44.3
73.597
86.415
52.235
8.2896
-42.064
-94.25
-94.555
-55.492
-3.3071
48.878
75.428
81.532
61.695
5.8481
-51.22
-82.348
-99.132
-56.408
-9.4106
41.554
79.396
86.109
53.456
8.5947
-52.746
-84.484
-92.113
-61.596
1.2705
54.371
79.701
78.48
52.54
5.2378
-53.356
-88.146
-95.775
-53.051
-4.833
47.962
80.921
80.616
52.54
-1.1709
-51.22
-93.029
-97.301
-57.323
-0.25537
51.625
79.701
86.109
59.559
5.543
-53.966
-86.315
-96.996
-57.934
-4.2227
47.962
83.973
79.701
54.066
11.952
-57.628
-92.113
-89.672
-52.746
-5.4434
48.573
81.837
86.72
46.437
-0.25537
-53.661
-87.23
-89.977
-56.713
4.0171
44.911
86.109
86.109
57.118
-0.86572
-48.473
-95.165
-90.893
-59.765
-3.9175
50.404
83.973
87.635
52.54
-0.25537
-50.915
-86.925
-90.893
-46.642
-5.1382
54.066
81.837
87.025
52.845
7.9844
-55.797
-99.438
-87.536
-56.103
7.0689
55.897
83.058
86.72
55.592
-1.7812
-47.252
-89.977
-94.25
-55.187
1.5757
58.033
83.668
79.701
54.981
1.8809
-51.22
-85.705
-93.944
-46.642
-2.0864
55.592
85.499
77.87
53.456
8.2896
-59.765
-88.756
-87.841
-55.797
-4.5278
53.15
78.175
80.006
53.15
0.96534
-61.901
-94.555
-89.672
-49.999
8.2896
48.268
80.921
90.077
48.573
-6.0537
-51.83
-95.165
-98.217
-51.22
5.8481
48.268
82.447
77.564
42.469
-4.833
-52.44
-89.672
-86.315
-46.032
1.8809
57.118
85.499
82.447
49.183
-2.6968
-59.154
-89.672
-90.893
-50.304
4.0171
47.352
81.837
75.428
49.793
-6.0537
-64.342
-91.808
-93.334
-53.661
4.0171
49.183
80.616
73.597
52.845
-6.9692
-54.271
-88.756
-89.367
-53.966
7.6792
51.93
82.752
80.921
41.249
-2.0864
-60.985
-91.198
-94.555
-53.356
11.952
50.404
82.752
81.532
43.385
-4.5278
-52.135
-88.451
-91.198
-57.934
1.2705
55.897
81.227
86.415
49.488
-4.2227
-60.985
-93.639
-90.893
-44.201
6.7637
54.981
87.025
74.818
